    0       0
    1       0
    2       1.367927161163e-10 
    3       1.295936082006e-10 
    4       1.227531671062e-10 
    5       1.176267112656e-10 
    6       1.141177129282e-10 
    7       1.118389019785e-10 
    8       1.105234360921e-10 
    9       1.099310049778e-10 
   10       1.098300610031e-10 
   11       1.101701944421e-10 
   12       1.107964370881e-10 
   13       1.116612967173e-10 
   14       1.127247682315e-10 
   15       1.139687468273e-10 
   16       1.153152715045e-10 
   17       1.167986657849e-10 
   18       1.183543725016e-10 
   19       1.199939284222e-10 
   20       1.217118089364e-10 
   21       1.235077383649e-10 
   22       1.253532673137e-10 
   23       1.272552211495e-10 
   24       1.292101349257e-10 
   25       1.312176491701e-10 
   26       1.332632927904e-10 
   27       1.353446709208e-10 
   28       1.374541872755e-10 
   29       1.396006459728e-10 
   30       1.417864029129e-10 
   31       1.440033803646e-10 
   32       1.462548470255e-10 
   33       1.485391401537e-10 
   34       1.508475737691e-10 
   35       1.531816410555e-10 
   36       1.555400850523e-10 
   37       1.579175393202e-10 
   38       1.603184929643e-10 
   39       1.627468032125e-10 
   40       1.652012547754e-10 
   41       1.676779232047e-10 
   42       1.701795100705e-10 
   43       1.727081226090e-10 
   44       1.752622811791e-10 
   45       1.778387631202e-10 
   46       1.804396147484e-10 
   47       1.830666415345e-10 
   48       1.857191797736e-10 
   49       1.883938736124e-10 
   50       1.910867166882e-10 
   51       1.938003476729e-10 
   52       1.965383495986e-10 
   53       1.993030446816e-10 
   54       2.020953779187e-10 
   55       2.049155153462e-10 
   56       2.077650795252e-10 
   57       2.106452655091e-10 
   58       2.135560882048e-10 
   59       2.164962938134e-10 
   60       2.194632712705e-10 
   61       2.224542852654e-10 
   62       2.254706990605e-10 
   63       2.285145466921e-10 
   64       2.315872493295e-10 
   65       2.346895686484e-10 
   66       2.378215602038e-10 
   67       2.409825268035e-10 
   68       2.441716434999e-10 
   69       2.473900838477e-10 
   70       2.506392426991e-10 
   71       2.539200737835e-10 
   72       2.572330602573e-10 
   73       2.605781852546e-10 
   74       2.639549024367e-10 
   75       2.673621065428e-10 
   76       2.707987026782e-10 
   77       2.742654991306e-10 
   78       2.777636078171e-10 
   79       2.812938592724e-10 
   80       2.848567854767e-10 
   81       2.884526026830e-10 
   82       2.920811942455e-10 
   83       2.957420934471e-10 
   84       2.994347730861e-10 
   85       3.031596070135e-10 
   86       3.069170372547e-10 
   87       3.107072695842e-10 
   88       3.145302615083e-10 
   89       3.183857102490e-10 
   90       3.222730407269e-10 
   91       3.261913935451e-10 
   92       3.301396129723e-10 
   93       3.341165990928e-10 
   94       3.381224509420e-10 
   95       3.421574738809e-10 
   96       3.462218238253e-10 
   97       3.503155002277e-10 
   98       3.544383390596e-10 
   99       3.585900057938e-10 
  100       3.627699883867e-10 
  101       3.669775902605e-10 
  102       3.712119232854e-10 
  103       3.754719007620e-10 
  104       3.797564666639e-10 
  105       3.840653337506e-10 
  106       3.883983325439e-10 
  107       3.927551796031e-10 
  108       3.971354731037e-10 
  109       4.015386884154e-10 
  110       4.059641736812e-10 
  111       4.104111453955e-10 
  112       4.148786839827e-10 
  113       4.193657293760e-10 
  114       4.238710765954e-10 
  115       4.283933713268e-10 
  116       4.329313009650e-10 
  117       4.374842035483e-10 
  118       4.420515249004e-10 
  119       4.466326271266e-10 
  120       4.512267859203e-10 
  121       4.558331878694e-10 
  122       4.604509277637e-10 
  123       4.650790059013e-10 
  124       4.697163253954e-10 
  125       4.743616894811e-10 
  126       4.790137988222e-10 
  127       4.836712488179e-10 
  128       4.883325269096e-10 
  129       4.929961650089e-10 
  130       4.976612214078e-10 
  131       5.023268468907e-10 
  132       5.069921327853e-10 
  133       5.116561093783e-10 
  134       5.163177443331e-10 
  135       5.209759411059e-10 
  136       5.256295373628e-10 
  137       5.302773033965e-10 
  138       5.349179405428e-10 
  139       5.395500795979e-10 
  140       5.441722792346e-10 
  141       5.487830244194e-10 
  142       5.533807248290e-10 
  143       5.579637132675e-10 
  144       5.625303804647e-10 
  145       5.670795977934e-10 
  146       5.716103334108e-10 
  147       5.761215188264e-10 
  148       5.806120481025e-10 
  149       5.850807770545e-10 
  150       5.895265224518e-10 
  151       5.939480612182e-10 
  152       5.983441296327e-10 
  153       6.027134225295e-10 
  154       6.070545924992e-10 
  155       6.113662490891e-10 
  156       6.156469580035e-10 
  157       6.198952403047e-10 
  158       6.241095716135e-10 
  159       6.282883813093e-10 
  160       6.324300517314e-10 
  161       6.365330281445e-10 
  162       6.405961612438e-10 
  163       6.446183935521e-10 
  164       6.485986510908e-10 
  165       6.525358430896e-10 
  166       6.564288616973e-10 
  167       6.602765816918e-10 
  168       6.640778601901e-10 
  169       6.678315363587e-10 
  170       6.715364311236e-10 
  171       6.751913468805e-10 
  172       6.787950672053e-10 
  173       6.823463565638e-10 
  174       6.858439600222e-10 
  175       6.892866029572e-10 
  176       6.926729907661e-10 
  177       6.960018085773e-10 
  178       6.992717209599e-10 
  179       7.024813716345e-10 
  180       7.056294723797e-10 
  181       7.087150782618e-10 
  182       7.117373337771e-10 
  183       7.146953856596e-10 
  184       7.175883829198e-10 
  185       7.204154768834e-10 
  186       7.231758212298e-10 
  187       7.258685720310e-10 
  188       7.284928877904e-10 
  189       7.310479294814e-10 
  190       7.335328605860e-10 
  191       7.359468471337e-10 
  192       7.382890577403e-10 
  193       7.405586636462e-10 
  194       7.427548387555e-10 
  195       7.448767596747e-10 
  196       7.469236057513e-10 
  197       7.488945591123e-10 
  198       7.507888047033e-10 
  199       7.526055303272e-10 
  200       7.543439266825e-10 
  201       7.560032455588e-10 
  202       7.575829789737e-10 
  203       7.590826929213e-10 
  204       7.605019705749e-10 
  205       7.618404124981e-10 
  206       7.630976368550e-10 
  207       7.642732796211e-10 
  208       7.653669947936e-10 
  209       7.663784546022e-10 
  210       7.673073497196e-10 
  211       7.681533894721e-10 
  212       7.689163020504e-10 
  213       7.695958347198e-10 
  214       7.701917540311e-10 
  215       7.707038460312e-10 
  216       7.711319164736e-10 
  217       7.714757910289e-10 
  218       7.717353154957e-10 
  219       7.719103560108e-10 
  220       7.720007992601e-10 
  221       7.720065526893e-10 
  222       7.719275447139e-10 
  223       7.717637249305e-10 
  224       7.715150845683e-10 
  225       7.711817188693e-10 
  226       7.707637691269e-10 
  227       7.702614030627e-10 
  228       7.696748150851e-10 
  229       7.690042265483e-10 
  230       7.682498860106e-10 
  231       7.674120694939e-10 
  232       7.664910807419e-10 
  233       7.654872514793e-10 
  234       7.644009416701e-10 
  235       7.632325397771e-10 
  236       7.619824630199e-10 
  237       7.606511576344e-10 
  238       7.592390991312e-10 
  239       7.577467925542e-10 
  240       7.561747727399e-10 
  241       7.545236045760e-10 
  242       7.527938832600e-10 
  243       7.509862345581e-10 
  244       7.491013150640e-10 
  245       7.471398124579e-10 
  246       7.451024457649e-10 
  247       7.429899656141e-10 
  248       7.408031544973e-10 
  249       7.385428270275e-10 
  250       7.362098025561e-10 
  251       7.338048207352e-10 
  252       7.313286215839e-10 
  253       7.287819728966e-10 
  254       7.261656704486e-10 
  255       7.234805382028e-10 
  256       7.207274285151e-10 
  257       7.179072223402e-10 
  258       7.150208294381e-10 
  259       7.120691885795e-10 
  260       7.090532677519e-10 
  261       7.059740643656e-10 
  262       7.028326054596e-10 
  263       6.996299479074e-10 
  264       6.963671786233e-10 
  265       6.930454147678e-10 
  266       6.896658039538e-10 
  267       6.862295244527e-10 
  268       6.827377854001e-10 
  269       6.791918270017e-10 
  270       6.755929207393e-10 
  271       6.719423695769e-10 
  272       6.682415081663e-10 
  273       6.644917030533e-10 
  274       6.606943528834e-10 
  275       6.568508886082e-10 
  276       6.529627736905e-10 
  277       6.490315043111e-10 
  278       6.450586095741e-10 
  279       6.410455705902e-10 
  280       6.369935726606e-10 
  281       6.329037406552e-10 
  282       6.287772190600e-10 
  283       6.246151720583e-10 
  284       6.204187836125e-10 
  285       6.161892575447e-10 
  286       6.119278176188e-10 
  287       6.076357076211e-10 
  288       6.033141914421e-10 
  289       5.989645531576e-10 
  290       5.945880971101e-10 
  291       5.901861479900e-10 
  292       5.857600509172e-10 
  293       5.813111715219e-10 
  294       5.768408960265e-10 
  295       5.723506313265e-10 
  296       5.678418050721e-10 
  297       5.633158657493e-10 
  298       5.587742827613e-10 
  299       5.542185465098e-10 
  300       5.496501684763e-10 
  301       5.450706813035e-10 
  302       5.404816388766e-10 
  303       5.358846164045e-10 
  304       5.312812105013e-10 
  305       5.266730392672e-10 
  306       5.220617423706e-10 
  307       5.174489811286e-10 
  308       5.128364385887e-10 
  309       5.082258196102e-10 
  310       5.036188509453e-10 
  311       4.990172813205e-10 
  312       4.944227625559e-10 
  313       4.898364866596e-10 
  314       4.852595320534e-10 
  315       4.806929809522e-10 
  316       4.761379192990e-10 
  317       4.715954367003e-10 
  318       4.670666263608e-10 
  319       4.625525850191e-10 
  320       4.580544128823e-10 
  321       4.535732135616e-10 
  322       4.491100940069e-10 
  323       4.446661644426e-10 
  324       4.402425383020e-10 
  325       4.358403321631e-10 
  326       4.314606656833e-10 
  327       4.271046615347e-10 
  328       4.227734453394e-10 
  329       4.184681456041e-10 
  330       4.141898936559e-10 
  331       4.099398235769e-10 
  332       4.057190721398e-10 
  333       4.015287787425e-10 
  334       3.973700853438e-10 
  335       3.932441363981e-10 
  336       3.891520787906e-10 
  337       3.850950617729e-10 
  338       3.810742368973e-10 
  339       3.770907579529e-10 
  340       3.731457808997e-10 
  341       3.692404638047e-10 
  342       3.653759667765e-10 
  343       3.615534519004e-10 
  344       3.577740831737e-10 
  345       3.540390264411e-10 
  346       3.503494493292e-10 
  347       3.467065211822e-10 
  348       3.431114129966e-10 
  349       3.395651963986e-10 
  350       3.360685360756e-10 
  351       3.326219844420e-10 
  352       3.292260812807e-10 
  353       3.258813535797e-10 
  354       3.225883153677e-10 
  355       3.193474675499e-10 
  356       3.161592977444e-10 
  357       3.130242801177e-10 
  358       3.099428752209e-10 
  359       3.069155298258e-10 
  360       3.039426767603e-10 
  361       3.010247347451e-10 
  362       2.981621082290e-10 
  363       2.953551872253e-10 
  364       2.926043471474e-10 
  365       2.899099486451e-10 
  366       2.872723374403e-10 
  367       2.846918441631e-10 
  368       2.821687841875e-10 
  369       2.797034574680e-10 
  370       2.772961483745e-10 
  371       2.749471255293e-10 
  372       2.726566416426e-10 
  373       2.704249333481e-10 
  374       2.682522210397e-10 
  375       2.661387087069e-10 
  376       2.640845837709e-10 
  377       2.620900169207e-10 
  378       2.601551619488e-10 
  379       2.582801555875e-10 
  380       2.564651173443e-10 
  381       2.547101493385e-10 
  382       2.530153361368e-10 
  383       2.513807445891e-10 
  384       2.498064236649e-10 
  385       2.482924042888e-10 
  386       2.468386991769e-10 
  387       2.454453026723e-10 
  388       2.441121742791e-10 
  389       2.428391889193e-10 
  390       2.416261844932e-10 
  391       2.404729778370e-10 
  392       2.393793645463e-10 
  393       2.383451187985e-10 
  394       2.373699931763e-10 
  395       2.364537184905e-10 
  396       2.355960036028e-10 
  397       2.347965352492e-10 
  398       2.340549778625e-10 
  399       2.333709733958e-10 
  400       2.327441411451e-10 
  401       2.321740775724e-10 
  402       2.316603561289e-10 
  403       2.312025270778e-10 
  404       2.308001173171e-10 
  405       2.304526302031e-10 
  406       2.301595453729e-10 
  407       2.299203185677e-10 
  408       2.297343814556e-10 
  409       2.296011414548e-10 
  410       2.295199815564e-10 
  411       2.294902601475e-10 
  412       2.295113108341e-10 
  413       2.295824422641e-10 
  414       2.297029379506e-10 
  415       2.298720560943e-10 
  416       2.300890294071e-10 
  417       2.303530649347e-10 
  418       2.306633438798e-10 
  419       2.310190214248e-10 
  420       2.314192265552e-10 
  421       2.318630618824e-10 
  422       2.323496034665e-10 
  423       2.328779006397e-10 
  424       2.334469758289e-10 
  425       2.340558243789e-10 
  426       2.347034143755e-10 
  427       2.353887691238e-10 
  428       2.361112180357e-10 
  429       2.368701539302e-10 
  430       2.376649510265e-10 
  431       2.384949648217e-10 
  432       2.393595319674e-10 
  433       2.402579701475e-10 
  434       2.411895779551e-10 
  435       2.421536347701e-10 
  436       2.431494006363e-10 
  437       2.441761161386e-10 
  438       2.452330022803e-10 
  439       2.463192603605e-10 
  440       2.474340718513e-10 
  441       2.485765982747e-10 
  442       2.497459810808e-10 
  443       2.509413415238e-10 
  444       2.521617805404e-10 
  445       2.534063786263e-10 
  446       2.546741957141e-10 
  447       2.559642710498e-10 
  448       2.572756230707e-10 
  449       2.586072492826e-10 
  450       2.599581261367e-10 
  451       2.613272089071e-10 
  452       2.627134315682e-10 
  453       2.641157066716e-10 
  454       2.655329252238e-10 
  455       2.669639565632e-10 
  456       2.684076482372e-10 
  457       2.698628258799e-10 
  458       2.713282930891e-10 
  459       2.728028313035e-10 
  460       2.742851996804e-10 
  461       2.757741349721e-10 
  462       2.772683514042e-10 
  463       2.787665405521e-10 
  464       2.802673712186e-10 
  465       2.817694893112e-10 
  466       2.832716589550e-10 
  467       2.847731909278e-10 
  468       2.862735273504e-10 
  469       2.877721016141e-10 
  470       2.892683383358e-10 
  471       2.907616533138e-10 
  472       2.922514534819e-10 
  473       2.937371368653e-10 
  474       2.952180925358e-10 
  475       2.966937005661e-10 
  476       2.981633319861e-10 
  477       2.996263487371e-10 
  478       3.010821036275e-10 
  479       3.025299402876e-10 
  480       3.039691931250e-10 
  481       3.053991872797e-10 
  482       3.068192385791e-10 
  483       3.082286534933e-10 
  484       3.096267290902e-10 
  485       3.110127529904e-10 
  486       3.123860033229e-10 
  487       3.137457486797e-10 
  488       3.150912480713e-10 
  489       3.164217508816e-10 
  490       3.177364968232e-10 
  491       3.190347158925e-10 
  492       3.203156283249e-10 
  493       3.215784445497e-10 
  494       3.228223651457e-10 
  495       3.240465807958e-10 
  496       3.252502722426e-10 
  497       3.264326102434e-10 
  498       3.275927555252e-10 
  499       3.287298587400e-10 
  500       3.298430604199e-10 
  501       3.309314909323e-10 
  502       3.319942704349e-10 
  503       3.330305088309e-10 
  504       3.340393057245e-10 
  505       3.350198809825e-10 
  506       3.359719706504e-10 
  507       3.368954423539e-10 
  508       3.377901657402e-10 
  509       3.386560124943e-10 
  510       3.394928563553e-10 
  511       3.403005731332e-10 
  512       3.410790407250e-10 
  513       3.418281391316e-10 
  514       3.425477504740e-10 
  515       3.432377590098e-10 
  516       3.438980511498e-10 
  517       3.445285154743e-10 
  518       3.451290427498e-10 
  519       3.456995259452e-10 
  520       3.462398602488e-10 
  521       3.467499430840e-10 
  522       3.472296741265e-10 
  523       3.476789553203e-10 
  524       3.480976908946e-10 
  525       3.484857873798e-10 
  526       3.488431536244e-10 
  527       3.491697008111e-10 
  528       3.494653424738e-10 
  529       3.497299945135e-10 
  530       3.499635752151e-10 
  531       3.501660052640e-10 
  532       3.503372077621e-10 
  533       3.504771082448e-10 
  534       3.505856346972e-10 
  535       3.506627175708e-10 
  536       3.507082897995e-10 
  537       3.507222868167e-10 
  538       3.507046465713e-10 
  539       3.506553095445e-10 
  540       3.505742187661e-10 
  541       3.504613198309e-10 
  542       3.503165609155e-10 
  543       3.501398927944e-10 
  544       3.499313299692e-10 
  545       3.496911358195e-10 
  546       3.494196424387e-10 
  547       3.491171900114e-10 
  548       3.487841268539e-10 
  549       3.484208094563e-10 
  550       3.480276025229e-10 
  551       3.476048790138e-10 
  552       3.471530201863e-10 
  553       3.466724156356e-10 
  554       3.461634633366e-10 
  555       3.456265696845e-10 
  556       3.450621495366e-10 
  557       3.444706262532e-10 
  558       3.438524317387e-10 
  559       3.432080064832e-10 
  560       3.425377996034e-10 
  561       3.418422688838e-10 
  562       3.411218808182e-10 
  563       3.403771106507e-10 
  564       3.396084424168e-10 
  565       3.388163689851e-10 
  566       3.380013920979e-10 
  567       3.371640224128e-10 
  568       3.363047795437e-10 
  569       3.354241921024e-10 
  570       3.345227977393e-10 
  571       3.336011431849e-10 
  572       3.326597842910e-10 
  573       3.316992860721e-10 
  574       3.307202227460e-10 
  575       3.297231777757e-10 
  576       3.287087439103e-10 
  577       3.276775232262e-10 
  578       3.266301271684e-10 
  579       3.255671765916e-10 
  580       3.244893018017e-10 
  581       3.233971425965e-10 
  582       3.222913483075e-10 
  583       3.211725519094e-10 
  584       3.200412915556e-10 
  585       3.188980871638e-10 
  586       3.177434662027e-10 
  587       3.165779637230e-10 
  588       3.154021223903e-10 
  589       3.142164925171e-10 
  590       3.130216320944e-10 
  591       3.118181068241e-10 
  592       3.106064901511e-10 
  593       3.093873632954e-10 
  594       3.081613152841e-10 
  595       3.069289429831e-10 
  596       3.056908511301e-10 
  597       3.044476523658e-10 
  598       3.031999672662e-10 
  599       3.019484243750e-10 
  600       3.006936602354e-10 
  601       2.994363194221e-10 
  602       2.981770545735e-10 
  603       2.969165264240e-10 
  604       2.956554038357e-10 
  605       2.943943638304e-10 
  606       2.931340916223e-10 
  607       2.918752806495e-10 
  608       2.906186326060e-10 
  609       2.893648574745e-10 
  610       2.881146735577e-10 
  611       2.868688075106e-10 
  612       2.856279943729e-10 
  613       2.843929776006e-10 
  614       2.831645090986e-10 
  615       2.819433492520e-10 
  616       2.807302669592e-10 
  617       2.795260396630e-10 
  618       2.783314533833e-10 
  619       2.771473027490e-10 
  620       2.759743910298e-10 
  621       2.748135301690e-10 
  622       2.736654588435e-10 
  623       2.725305944749e-10 
  624       2.714092754729e-10 
  625       2.703018426872e-10 
  626       2.692086394146e-10 
  627       2.681300114052e-10 
  628       2.670663068696e-10 
  629       2.660178764850e-10 
  630       2.649850734025e-10 
  631       2.639682532532e-10 
  632       2.629677741554e-10 
  633       2.619839967211e-10 
  634       2.610172840625e-10 
  635       2.600680017989e-10 
  636       2.591365180636e-10 
  637       2.582232035099e-10 
  638       2.573284313187e-10 
  639       2.564525772043e-10 
  640       2.555960194219e-10 
  641       2.547591387737e-10 
  642       2.539423186157e-10 
  643       2.531459448648e-10 
  644       2.523704060049e-10 
  645       2.516160930941e-10 
  646       2.508833997709e-10 
  647       2.501727222613e-10 
  648       2.494844593855e-10 
  649       2.488190125642e-10 
  650       2.481767858256e-10 
  651       2.475581858120e-10 
  652       2.469636217867e-10 
  653       2.463935056402e-10 
  654       2.458482518974e-10 
  655       2.453282777241e-10 
  656       2.448340029335e-10 
  657       2.443658499933e-10 
  658       2.439242440319e-10 
  659       2.435096128456e-10 
  660       2.431223869049e-10 
  661       2.427629176669e-10 
  662       2.424312305210e-10 
  663       2.421272664086e-10 
  664       2.418509630082e-10 
  665       2.416022547200e-10 
  666       2.413810726500e-10 
  667       2.411873445946e-10 
  668       2.410209950244e-10 
  669       2.408819450690e-10 
  670       2.407701125008e-10 
  671       2.406854117197e-10 
  672       2.406277537372e-10 
  673       2.405970461606e-10 
  674       2.405931931774e-10 
  675       2.406160955398e-10 
  676       2.406656505485e-10 
  677       2.407417520375e-10 
  678       2.408442903578e-10 
  679       2.409731523623e-10 
  680       2.411282213899e-10 
  681       2.413093772494e-10 
  682       2.415164962044e-10 
  683       2.417494509570e-10 
  684       2.420081106326e-10 
  685       2.422923407638e-10 
  686       2.426020032751e-10 
  687       2.429369564665e-10 
  688       2.432970549987e-10 
  689       2.436821498765e-10 
  690       2.440920884338e-10 
  691       2.445267143174e-10 
  692       2.449858674716e-10 
  693       2.454693841222e-10 
  694       2.459770967611e-10 
  695       2.465088341305e-10 
  696       2.470644212068e-10 
  697       2.476436791856e-10 
  698       2.482464254652e-10 
  699       2.488724736318e-10 
  700       2.495216003939e-10 
  701       2.501934456660e-10 
  702       2.508876103727e-10 
  703       2.516036892857e-10 
  704       2.523412710002e-10 
  705       2.530999379105e-10 
  706       2.538792661866e-10 
  707       2.546788257504e-10 
  708       2.554981802520e-10 
  709       2.563368870455e-10 
  710       2.571944971656e-10 
  711       2.580705553036e-10 
  712       2.589645997837e-10 
  713       2.598761625393e-10 
  714       2.608047690889e-10 
  715       2.617499385126e-10 
  716       2.627111834281e-10 
  717       2.636880099672e-10 
  718       2.646799177516e-10 
  719       2.656863998693e-10 
  720       2.667069428510e-10 
  721       2.677410266461e-10 
  722       2.687881245987e-10 
  723       2.698477034244e-10 
  724       2.709192231858e-10 
  725       2.720021372693e-10 
  726       2.730958923608e-10 
  727       2.741999284224e-10 
  728       2.753136786684e-10 
  729       2.764365695411e-10 
  730       2.775680206878e-10 
  731       2.787074449363e-10 
  732       2.798542482716e-10 
  733       2.810078298118e-10 
  734       2.821675817842e-10 
  735       2.833328895021e-10 
  736       2.845031313404e-10 
  737       2.856776787119e-10 
  738       2.868558960438e-10 
  739       2.880371717541e-10 
  740       2.892210118996e-10 
  741       2.904069483295e-10 
  742       2.915945078347e-10 
  743       2.927832121316e-10 
  744       2.939725778444e-10 
  745       2.951621164887e-10 
  746       2.963513344542e-10 
  747       2.975397329877e-10 
  748       2.987268081762e-10 
  749       2.999120509299e-10 
  750       3.010949469652e-10 
  751       3.022749767876e-10 
  752       3.034516156749e-10 
  753       3.046243336602e-10 
  754       3.057925955146e-10 
  755       3.069558607306e-10 
  756       3.081135835049e-10 
  757       3.092652127214e-10 
  758       3.104101919343e-10 
  759       3.115479593510e-10 
  760       3.126779478153e-10 
  761       3.137995847901e-10 
  762       3.149122923409e-10 
  763       3.160154871181e-10 
  764       3.171085803406e-10 
  765       3.181909777787e-10 
  766       3.192620797369e-10 
  767       3.203212810371e-10 
  768       3.213679710014e-10 
  769       3.224015334354e-10 
  770       3.234213466111e-10 
  771       3.244267832496e-10 
  772       3.254172105046e-10 
  773       3.263919899451e-10 
  774       3.273504775386e-10 
  775       3.282920236338e-10 
  776       3.292159729440e-10 
  777       3.301216645297e-10 
  778       3.310085026477e-10 
  779       3.318761707882e-10 
  780       3.327244216175e-10 
  781       3.335530064734e-10 
  782       3.343616753619e-10 
  783       3.351501769543e-10 
  784       3.359182585844e-10 
  785       3.366656662453e-10 
  786       3.373921445866e-10 
  787       3.380974369115e-10 
  788       3.387812851735e-10 
  789       3.394434299740e-10 
  790       3.400836105588e-10 
  791       3.407015648155e-10 
  792       3.412970292702e-10 
  793       3.418697390850e-10 
  794       3.424194280546e-10 
  795       3.429458286035e-10 
  796       3.434486717832e-10 
  797       3.439276872691e-10 
  798       3.443826033573e-10 
  799       3.448131469623e-10 
  800       3.452190436131e-10 
  801       3.456000174512e-10 
  802       3.459557912269e-10 
  803       3.462860862970e-10 
  804       3.465906226209e-10 
  805       3.468691187589e-10 
  806       3.471212918680e-10 
  807       3.473468576997e-10 
  808       3.475455305970e-10 
  809       3.477170234911e-10 
  810       3.478610478985e-10 
  811       3.479773139184e-10 
  812       3.480655302294e-10 
  813       3.481254040866e-10 
  814       3.481566413187e-10 
  815       3.481589463250e-10 
  816       3.481320220725e-10 
  817       3.480756374140e-10 
  818       3.479898303676e-10 
  819       3.478747084620e-10 
  820       3.477303817543e-10 
  821       3.475569628384e-10 
  822       3.473545668546e-10 
  823       3.471233114985e-10 
  824       3.468633170299e-10 
  825       3.465747062827e-10 
  826       3.462576046732e-10 
  827       3.459121402095e-10 
  828       3.455384435009e-10 
  829       3.451366477667e-10 
  830       3.447068888455e-10 
  831       3.442493052041e-10 
  832       3.437640379469e-10 
  833       3.432512308250e-10 
  834       3.427110302452e-10 
  835       3.421435852791e-10 
  836       3.415490476724e-10 
  837       3.409275718539e-10 
  838       3.402793149445e-10 
  839       3.396044367669e-10 
  840       3.389030998538e-10 
  841       3.381754694580e-10 
  842       3.374217135607e-10 
  843       3.366420028813e-10 
  844       3.358365108861e-10 
  845       3.350054137975e-10 
  846       3.341488906031e-10 
  847       3.332671230653e-10 
  848       3.323602957296e-10 
  849       3.314285959345e-10 
  850       3.304722138200e-10 
  851       3.294913423371e-10 
  852       3.284861772572e-10 
  853       3.274569171803e-10 
  854       3.264037635451e-10 
  855       3.253269206376e-10 
  856       3.242266222055e-10 
  857       3.231032117795e-10 
  858       3.219570637397e-10 
  859       3.207885568482e-10 
  860       3.195980742624e-10 
  861       3.183860035486e-10 
  862       3.171527366954e-10 
  863       3.158986701273e-10 
  864       3.146242047180e-10 
  865       3.133297458042e-10 
  866       3.120157031986e-10 
  867       3.106824912038e-10 
  868       3.093305286255e-10 
  869       3.079602387864e-10 
  870       3.065720495391e-10 
  871       3.051663932798e-10 
  872       3.037437069622e-10 
  873       3.023044321104e-10 
  874       3.008490148325e-10 
  875       2.993779058344e-10 
  876       2.978915604329e-10 
  877       2.963904385695e-10 
  878       2.948750048236e-10 
  879       2.933457284261e-10 
  880       2.918030832730e-10 
  881       2.902475479386e-10 
  882       2.886796056893e-10 
  883       2.870997444969e-10 
  884       2.855084570519e-10 
  885       2.839062407775e-10 
  886       2.822935978425e-10 
  887       2.806710351751e-10 
  888       2.790390644765e-10 
  889       2.773982022340e-10 
  890       2.757489697348e-10 
  891       2.740918930792e-10 
  892       2.724275031943e-10 
  893       2.707563358477e-10 
  894       2.690789316602e-10 
  895       2.673958119165e-10 
  896       2.657074055342e-10 
  897       2.640141209298e-10 
  898       2.623163701243e-10 
  899       2.606145687531e-10 
  900       2.589091360755e-10 
  901       2.572004949853e-10 
  902       2.554890720199e-10 
  903       2.537752973704e-10 
  904       2.520596048918e-10 
  905       2.503424321124e-10 
  906       2.486242202438e-10 
  907       2.469054141909e-10 
  908       2.451864625615e-10 
  909       2.434678176766e-10 
  910       2.417499355796e-10 
  911       2.400332760468e-10 
  912       2.383183025968e-10 
  913       2.366054825008e-10 
  914       2.348952867919e-10 
  915       2.331881902754e-10 
  916       2.314846715386e-10 
  917       2.297852129603e-10 
  918       2.280903007212e-10 
  919       2.264004248134e-10 
  920       2.247160790503e-10 
  921       2.230377610767e-10 
  922       2.213659723780e-10 
  923       2.197012182911e-10 
  924       2.180440080133e-10 
  925       2.163948546127e-10 
  926       2.147542750377e-10 
  927       2.131227901273e-10 
  928       2.115009246206e-10 
  929       2.098892071667e-10 
  930       2.082881703347e-10 
  931       2.066983506235e-10 
  932       2.051202884716e-10 
  933       2.035545282671e-10 
  934       2.020015622127e-10 
  935       2.004616609404e-10 
  936       1.989350402685e-10 
  937       1.974219171079e-10 
  938       1.959225094642e-10 
  939       1.944370364405e-10 
  940       1.929657182387e-10 
  941       1.915087761622e-10 
  942       1.900664326178e-10 
  943       1.886389111180e-10 
  944       1.872264362830e-10 
  945       1.858292338430e-10 
  946       1.844475306400e-10 
  947       1.830815546304e-10 
  948       1.817315348869e-10 
  949       1.803977016007e-10 
  950       1.790802860835e-10 
  951       1.777795207698e-10 
  952       1.764956392190e-10 
  953       1.752288761177e-10 
  954       1.739794672815e-10 
  955       1.727476496574e-10 
  956       1.715336613258e-10 
  957       1.703377415029e-10 
  958       1.691601305424e-10 
  959       1.680010699382e-10 
  960       1.668608023260e-10 
  961       1.657395714858e-10 
  962       1.646376223439e-10 
  963       1.635552009752e-10 
  964       1.624925546050e-10 
  965       1.614499316114e-10 
  966       1.604275815277e-10 
  967       1.594257550439e-10 
  968       1.584447040093e-10 
  969       1.574846814345e-10 
  970       1.565459414938e-10 
  971       1.556287395268e-10 
  972       1.547333320410e-10 
  973       1.538599230914e-10 
  974       1.530085025327e-10 
  975       1.521790053437e-10 
  976       1.513713650245e-10 
  977       1.505855135920e-10 
  978       1.498213815755e-10 
  979       1.490788980119e-10 
  980       1.483579904408e-10 
  981       1.476585849005e-10 
  982       1.469806059224e-10 
  983       1.463239765274e-10 
  984       1.456886182205e-10 
  985       1.450744509864e-10 
  986       1.444813932848e-10 
  987       1.439093620461e-10 
  988       1.433582726662e-10 
  989       1.428280390021e-10 
  990       1.423185733674e-10 
  991       1.418297865275e-10 
  992       1.413615876949e-10 
  993       1.409138845247e-10 
  994       1.404865831098e-10 
  995       1.400795879764e-10 
  996       1.396928020794e-10 
  997       1.393261267973e-10 
  998       1.389794619283e-10 
  999       1.386527056849e-10 
 1000       1.383457546899e-10 
 1001       1.380585039712e-10 
 1002       1.377908469575e-10 
 1003       1.375426754737e-10 
 1004       1.373138797359e-10 
 1005       1.371043483471e-10 
 1006       1.369139682924e-10 
 1007       1.367426249342e-10 
 1008       1.365902020080e-10 
 1009       1.364565816174e-10 
 1010       1.363416442294e-10 
 1011       1.362452686699e-10 
 1012       1.361673089487e-10 
 1013       1.361075243767e-10 
 1014       1.360656484305e-10 
 1015       1.360414118243e-10 
 1016       1.360345425024e-10 
 1017       1.360447656319e-10 
 1018       1.360718035954e-10 
 1019       1.361153759834e-10 
 1020       1.361751995872e-10 
 1021       1.362509883916e-10 
 1022       1.363424535671e-10 
 1023       1.364493034631e-10 
 1024       1.365712436000e-10 
 1025       1.367079766625e-10 
 1026       1.368592024914e-10 
 1027       1.370246180771e-10 
 1028       1.372039175515e-10 
 1029       1.373967921813e-10 
 1030       1.376029303600e-10 
 1031       1.378220176012e-10 
 1032       1.380537365305e-10 
 1033       1.382977668789e-10 
 1034       1.385537854750e-10 
 1035       1.388214662375e-10 
 1036       1.391004801684e-10 
 1037       1.393904953450e-10 
 1038       1.396911769131e-10 
 1039       1.400021870792e-10 
 1040       1.403231851035e-10 
 1041       1.406538272922e-10 
 1042       1.409937669903e-10 
 1043       1.413426545745e-10 
 1044       1.417001374453e-10 
 1045       1.420658600202e-10 
 1046       1.424394637259e-10 
 1047       1.428205869910e-10 
 1048       1.432088652392e-10 
 1049       1.436039308809e-10 
 1050       1.440054133070e-10 
 1051       1.444129542473e-10 
 1052       1.448262540976e-10 
 1053       1.452450262222e-10 
 1054       1.456689816402e-10 
 1055       1.460978290195e-10 
 1056       1.465312746714e-10 
 1057       1.469690225447e-10 
 1058       1.474107742201e-10 
 1059       1.478562289045e-10 
 1060       1.483050834252e-10 
 1061       1.487570322244e-10 
 1062       1.492117673535e-10 
 1063       1.496689784672e-10 
 1064       1.501283528180e-10 
 1065       1.505895752503e-10 
 1066       1.510523281949e-10 
 1067       1.515162916636e-10 
 1068       1.519811432426e-10 
 1069       1.524465580878e-10 
 1070       1.529122089186e-10 
 1071       1.533777660121e-10 
 1072       1.538428971979e-10 
 1073       1.543072678519e-10 
 1074       1.547705408908e-10 
 1075       1.552323767667e-10 
 1076       1.556924334608e-10 
 1077       1.561503664783e-10 
 1078       1.566058288422e-10 
 1079       1.570584710883e-10 
 1080       1.575079412586e-10 
 1081       1.579538848963e-10 
 1082       1.583959450399e-10 
 1083       1.588337622176e-10 
 1084       1.592669744412e-10 
 1085       1.596952172009e-10 
 1086       1.601181234596e-10 
 1087       1.605353236467e-10 
 1088       1.609464456531e-10 
 1089       1.613511148248e-10 
 1090       1.617489934766e-10 
 1091       1.621399000229e-10 
 1092       1.625236914324e-10 
 1093       1.629002238522e-10 
 1094       1.632693526064e-10 
 1095       1.636309321941e-10 
 1096       1.639848162881e-10 
 1097       1.643308577326e-10 
 1098       1.646689085422e-10 
 1099       1.649988198994e-10 
 1100       1.653204421537e-10 
 1101       1.656336248194e-10 
 1102       1.659382165740e-10 
 1103       1.662340652564e-10 
 1104       1.665210178656e-10 
 1105       1.667989205584e-10 
 1106       1.670676186483e-10 
 1107       1.673269566032e-10 
 1108       1.675767780443e-10 
 1109       1.678169257439e-10 
 1110       1.680472416239e-10 
 1111       1.682675667543e-10 
 1112       1.684777413509e-10 
 1113       1.686776047743e-10 
 1114       1.688669955279e-10 
 1115       1.690457512559e-10 
 1116       1.692137087421e-10 
 1117       1.693707039080e-10 
 1118       1.695165718108e-10 
 1119       1.696511466422e-10 
 1120       1.697742617264e-10 
 1121       1.698857495185e-10 
 1122       1.699854416026e-10 
 1123       1.700731686905e-10 
 1124       1.701487606194e-10 
 1125       1.702120463509e-10 
 1126       1.702628539687e-10 
 1127       1.703010106773e-10 
 1128       1.703263427999e-10 
 1129       1.703387144446e-10 
 1130       1.703381440530e-10 
 1131       1.703246893564e-10 
 1132       1.702984088474e-10 
 1133       1.702593617818e-10 
 1134       1.702076081802e-10 
 1135       1.701432088304e-10 
 1136       1.700662252890e-10 
 1137       1.699767198835e-10 
 1138       1.698747557141e-10 
 1139       1.697603966559e-10 
 1140       1.696337073604e-10 
 1141       1.694947532578e-10 
 1142       1.693436005590e-10 
 1143       1.691803162569e-10 
 1144       1.690049681292e-10 
 1145       1.688176247397e-10 
 1146       1.686183554405e-10 
 1147       1.684072303740e-10 
 1148       1.681843204745e-10 
 1149       1.679496974704e-10 
 1150       1.677034338864e-10 
 1151       1.674456030446e-10 
 1152       1.671762790673e-10 
 1153       1.668955368785e-10 
 1154       1.666034522059e-10 
 1155       1.663001015829e-10 
 1156       1.659855623504e-10 
 1157       1.656599126589e-10 
 1158       1.653232314704e-10 
 1159       1.649755985601e-10 
 1160       1.646170945187e-10 
 1161       1.642478007540e-10 
 1162       1.638677994932e-10 
 1163       1.634771737845e-10 
 1164       1.630760074990e-10 
 1165       1.626643853331e-10 
 1166       1.622423928099e-10 
 1167       1.618101162814e-10 
 1168       1.613676599835e-10 
 1169       1.609151974305e-10 
 1170       1.604529206676e-10 
 1171       1.599810232794e-10 
 1172       1.594997003934e-10 
 1173       1.590091486836e-10 
 1174       1.585095663737e-10 
 1175       1.580011532407e-10 
 1176       1.574841106182e-10 
 1177       1.569586413998e-10 
 1178       1.564249500428e-10 
 1179       1.558832425714e-10 
 1180       1.553337265803e-10 
 1181       1.547766112377e-10 
 1182       1.542121072893e-10 
 1183       1.536404270616e-10 
 1184       1.530617844650e-10 
 1185       1.524763949975e-10 
 1186       1.518844757481e-10 
 1187       1.512862454003e-10 
 1188       1.506819242353e-10 
 1189       1.500717341357e-10 
 1190       1.494558985888e-10 
 1191       1.488346426900e-10 
 1192       1.482081931463e-10 
 1193       1.475767782798e-10 
 1194       1.469406280309e-10 
 1195       1.462999739619e-10 
 1196       1.456550492605e-10 
 1197       1.450060887432e-10 
 1198       1.443533288584e-10 
 1199       1.436970076904e-10 
 1200       1.430373649624e-10 
 1201       1.423746420400e-10 
 1202       1.417090819349e-10 
 1203       1.410409293080e-10 
 1204       1.403704304730e-10 
 1205       1.396978333998e-10 
 1206       1.390233877180e-10 
 1207       1.383473346291e-10 
 1208       1.376698765039e-10 
 1209       1.369912069237e-10 
 1210       1.363115207409e-10 
 1211       1.356310140812e-10 
 1212       1.349498843466e-10 
 1213       1.342683302177e-10 
 1214       1.335865516564e-10 
 1215       1.329047499086e-10 
 1216       1.322231275066e-10 
 1217       1.315418882720e-10 
 1218       1.308612373179e-10 
 1219       1.301813810519e-10 
 1220       1.295025271784e-10 
 1221       1.288248847014e-10 
 1222       1.281486639271e-10 
 1223       1.274740764661e-10 
 1224       1.268013352368e-10 
 1225       1.261306544672e-10 
 1226       1.254622496980e-10 
 1227       1.247963377849e-10 
 1228       1.241331369014e-10 
 1229       1.234728665414e-10 
 1230       1.228157475217e-10 
 1231       1.221620019847e-10 
 1232       1.215118534007e-10 
 1233       1.208655265711e-10 
 1234       1.202232476305e-10 
 1235       1.195852440493e-10 
 1236       1.189517446368e-10 
 1237       1.183229795430e-10 
 1238       1.176991802622e-10 
 1239       1.170805796345e-10 
 1240       1.164674118494e-10 
 1241       1.158599124477e-10 
 1242       1.152583183246e-10 
 1243       1.146628677318e-10 
 1244       1.140738002806e-10 
 1245       1.134913569440e-10 
 1246       1.129157529916e-10 
 1247       1.123470964389e-10 
 1248       1.117854686461e-10 
 1249       1.112309513000e-10 
 1250       1.106836264147e-10 
 1251       1.101435763321e-10 
 1252       1.096108837220e-10 
 1253       1.090856315834e-10 
 1254       1.085679032442e-10 
 1255       1.080577823621e-10 
 1256       1.075553529252e-10 
 1257       1.070606992523e-10 
 1258       1.065739059936e-10 
 1259       1.060950581308e-10 
 1260       1.056242409783e-10 
 1261       1.051615401832e-10 
 1262       1.047070417257e-10 
 1263       1.042608319202e-10 
 1264       1.038229974153e-10 
 1265       1.033936251945e-10 
 1266       1.029728025766e-10 
 1267       1.025606172164e-10 
 1268       1.021571571051e-10 
 1269       1.017625105707e-10 
 1270       1.013767662788e-10 
 1271       1.010000132329e-10 
 1272       1.006323407748e-10 
 1273       1.002738385855e-10 
 1274       9.992459668531e-11 
 1275       9.958470543456e-11 
 1276       9.925425553411e-11 
 1277       9.893333802582e-11 
 1278       9.862204429306e-11 
 1279       9.832046606123e-11 
 1280       9.802869539829e-11 
 1281       9.774682471525e-11 
 1282       9.747494676669e-11 
 1283       9.721315465125e-11 
 1284       9.696154181219e-11 
 1285       9.672017593879e-11 
 1286       9.648902034480e-11 
 1287       9.626801169652e-11 
 1288       9.605708602933e-11 
 1289       9.585617874631e-11 
 1290       9.566522461682e-11 
 1291       9.548415777517e-11 
 1292       9.531291171920e-11 
 1293       9.515141930892e-11 
 1294       9.499961276510e-11 
 1295       9.485742366789e-11 
 1296       9.472478295546e-11 
 1297       9.460162092260e-11 
 1298       9.448786721934e-11 
 1299       9.438345084956e-11 
 1300       9.428830016960e-11 
 1301       9.420234288690e-11 
 1302       9.412550605859e-11 
 1303       9.405771609013e-11 
 1304       9.399889873391e-11 
 1305       9.394897908786e-11 
 1306       9.390788159411e-11 
 1307       9.387553003752e-11 
 1308       9.385184754440e-11 
 1309       9.383675658104e-11 
 1310       9.383017895238e-11 
 1311       9.383203580060e-11 
 1312       9.384224760374e-11 
 1313       9.386073417434e-11 
 1314       9.388741465802e-11 
 1315       9.392220753210e-11 
 1316       9.396503060425e-11 
 1317       9.401580101108e-11 
 1318       9.407443521674e-11 
 1319       9.414084901159e-11 
 1320       9.421495751077e-11 
 1321       9.429667515281e-11 
 1322       9.438591569828e-11 
 1323       9.448259222841e-11 
 1324       9.458660654077e-11 
 1325       9.469781721124e-11 
 1326       9.481607117657e-11 
 1327       9.494121430325e-11 
 1328       9.507309138535e-11 
 1329       9.521154614239e-11 
 1330       9.535642121729e-11 
 1331       9.550755817422e-11 
 1332       9.566479749650e-11 
 1333       9.582797858449e-11 
 1334       9.599693975349e-11 
 1335       9.617151823161e-11 
 1336       9.635155015769e-11 
 1337       9.653687057916e-11 
 1338       9.672731344996e-11 
 1339       9.692271162840e-11 
 1340       9.712289687509e-11 
 1341       9.732769985080e-11 
 1342       9.753695011434e-11 
 1343       9.775047612051e-11 
 1344       9.796810521791e-11 
 1345       9.818966364690e-11 
 1346       9.841497653745e-11 
 1347       9.864386790705e-11 
 1348       9.887616065860e-11 
 1349       9.911167657828e-11 
 1350       9.935023633347e-11 
 1351       9.959165947063e-11 
 1352       9.983576441317e-11 
 1353       1.000823684594e-10 
 1354       1.003312877803e-10 
 1355       1.005823374176e-10 
 1356       1.008353312814e-10 
 1357       1.010900821485e-10 
 1358       1.013464016597e-10 
 1359       1.016041003182e-10 
 1360       1.018629874872e-10 
 1361       1.021228713880e-10 
 1362       1.023835590977e-10 
 1363       1.026448651348e-10 
 1364       1.029066373211e-10 
 1365       1.031687311932e-10 
 1366       1.034310014383e-10 
 1367       1.036933018926e-10 
 1368       1.039554855399e-10 
 1369       1.042174045100e-10 
 1370       1.044789100770e-10 
 1371       1.047398526582e-10 
 1372       1.050000818118e-10 
 1373       1.052594462360e-10 
 1374       1.055177937672e-10 
 1375       1.057749713784e-10 
 1376       1.060308251777e-10 
 1377       1.062852004067e-10 
 1378       1.065379414391e-10 
 1379       1.067888917790e-10 
 1380       1.070378940592e-10 
 1381       1.072847900401e-10 
 1382       1.075294206077e-10 
 1383       1.077716257723e-10 
 1384       1.080112446667e-10 
 1385       1.082481155450e-10 
 1386       1.084820757807e-10 
 1387       1.087129618654e-10 
 1388       1.089406094070e-10 
 1389       1.091648531285e-10 
 1390       1.093855268661e-10 
 1391       1.096024635677e-10 
 1392       1.098154952915e-10 
 1393       1.100244532045e-10 
 1394       1.102291675805e-10 
 1395       1.104294677991e-10 
 1396       1.106251823439e-10 
 1397       1.108161388007e-10 
 1398       1.110021638566e-10 
 1399       1.111830832976e-10 
 1400       1.113587220078e-10 
 1401       1.115289039674e-10 
 1402       1.116934725234e-10 
 1403       1.118523514366e-10 
 1404       1.120054844678e-10 
 1405       1.121528151641e-10 
 1406       1.122942868579e-10 
 1407       1.124298426667e-10 
 1408       1.125594254928e-10 
 1409       1.126829780232e-10 
 1410       1.128004427291e-10 
 1411       1.129117618653e-10 
 1412       1.130168774705e-10 
 1413       1.131157313665e-10 
 1414       1.132082651581e-10 
 1415       1.132944202326e-10 
 1416       1.133741377596e-10 
 1417       1.134473586909e-10 
 1418       1.135140237596e-10 
 1419       1.135740734806e-10 
 1420       1.136274481494e-10 
 1421       1.136740878424e-10 
 1422       1.137139324163e-10 
 1423       1.137469215081e-10 
 1424       1.137729945342e-10 
 1425       1.137920906908e-10 
 1426       1.138041489528e-10 
 1427       1.138091080744e-10 
 1428       1.138069065878e-10 
 1429       1.137974828037e-10 
 1430       1.137807748104e-10 
 1431       1.137567204739e-10 
 1432       1.137252574374e-10 
 1433       1.136863231208e-10 
 1434       1.136398547208e-10 
 1435       1.135857892103e-10 
 1436       1.135240633381e-10 
 1437       1.134546136284e-10 
 1438       1.133773763812e-10 
 1439       1.132922876710e-10 
 1440       1.131992833472e-10 
 1441       1.130983182260e-10 
 1442       1.129894238804e-10 
 1443       1.128726514364e-10 
 1444       1.127480524340e-10 
 1445       1.126156788282e-10 
 1446       1.124755829900e-10 
 1447       1.123278177070e-10 
 1448       1.121724361841e-10 
 1449       1.120094920444e-10 
 1450       1.118390393302e-10 
 1451       1.116611325032e-10 
 1452       1.114758264461e-10 
 1453       1.112831764627e-10 
 1454       1.110832382789e-10 
 1455       1.108760680437e-10 
 1456       1.106617223298e-10 
 1457       1.104402581343e-10 
 1458       1.102117328797e-10 
 1459       1.099762044148e-10 
 1460       1.097337310148e-10 
 1461       1.094843713831e-10 
 1462       1.092281846512e-10 
 1463       1.089652303801e-10 
 1464       1.086955685608e-10 
 1465       1.084192596149e-10 
 1466       1.081363643960e-10 
 1467       1.078469441899e-10 
 1468       1.075510607158e-10 
 1469       1.072487761265e-10 
 1470       1.069401530101e-10 
 1471       1.066252543900e-10 
 1472       1.063041437260e-10 
 1473       1.059768849151e-10 
 1474       1.056435422923e-10 
 1475       1.053041806312e-10 
 1476       1.049588651451e-10 
 1477       1.046076614875e-10 
 1478       1.042506357532e-10 
 1479       1.038878544786e-10 
 1480       1.035193925732e-10 
 1481       1.031453571964e-10 
 1482       1.027658641179e-10 
 1483       1.023810298102e-10 
 1484       1.019909714501e-10 
 1485       1.015958069196e-10 
 1486       1.011956548071e-10 
 1487       1.007906344090e-10 
 1488       1.003808657307e-10 
 1489       9.996646948769e-11 
 1490       9.954756710686e-11 
 1491       9.912428072789e-11 
 1492       9.869673320431e-11 
 1493       9.826504810474e-11 
 1494       9.782934971418e-11 
 1495       9.738976303515e-11 
 1496       9.694641378900e-11 
 1497       9.649942841705e-11 
 1498       9.604893408190e-11 
 1499       9.559505866858e-11 
 1500       9.513793078581e-11 
 1501       9.467767976724e-11 
 1502       9.421443567263e-11 
 1503       9.374832928911e-11 
 1504       9.327949213240e-11 
 1505       9.280805644801e-11 
 1506       9.233415521251e-11 
 1507       9.185792213471e-11 
 1508       9.137949165688e-11 
 1509       9.089899895605e-11 
 1510       9.041657994512e-11 
 1511       8.993237127419e-11 
 1512       8.944651033171e-11 
 1513       8.895913524576e-11 
 1514       8.847038488523e-11 
 1515       8.798039886106e-11 
 1516       8.748931752747e-11 
 1517       8.699728198320e-11 
 1518       8.650443407269e-11 
 1519       8.601091056469e-11 
 1520       8.551682562425e-11 
 1521       8.502228817434e-11 
 1522       8.452740770415e-11 
 1523       8.403229427001e-11 
 1524       8.353705849629e-11 
 1525       8.304181157633e-11 
 1526       8.254666527336e-11 
 1527       8.205173192144e-11 
 1528       8.155712442634e-11 
 1529       8.106295626652e-11 
 1530       8.056934149400e-11 
 1531       8.007639473531e-11 
 1532       7.958423119241e-11 
 1533       7.909296664358e-11 
 1534       7.860271744440e-11 
 1535       7.811360052862e-11 
 1536       7.762573340911e-11 
 1537       7.713923417877e-11 
 1538       7.665422151146e-11 
 1539       7.617081466290e-11 
 1540       7.568913347164e-11 
 1541       7.520929835991e-11 
 1542       7.473143033462e-11 
 1543       7.425565098823e-11 
 1544       7.378208249968e-11 
 1545       7.331084763531e-11 
 1546       7.284206974983e-11 
 1547       7.237587278714e-11 
 1548       7.191238128138e-11 
 1549       7.145172035773e-11 
 1550       7.099401573342e-11 
 1551       7.053939371860e-11 
 1552       7.008798121729e-11 
 1553       6.963990572830e-11 
 1554       6.919529534613e-11 
 1555       6.875427876191e-11 
 1556       6.831698526431e-11 
 1557       6.788354474050e-11 
 1558       6.745407338123e-11 
 1559       6.702863064764e-11 
 1560       6.660726190228e-11 
 1561       6.619001266843e-11 
 1562       6.577692863031e-11 
 1563       6.536805563332e-11 
 1564       6.496343968424e-11 
 1565       6.456312695142e-11 
 1566       6.416716376506e-11 
 1567       6.377559661736e-11 
 1568       6.338847216277e-11 
 1569       6.300583721819e-11 
 1570       6.262773876321e-11 
 1571       6.225422394029e-11 
 1572       6.188534005501e-11 
 1573       6.152113457626e-11 
 1574       6.116165513648e-11 
 1575       6.080694953183e-11 
 1576       6.045706572248e-11 
 1577       6.011205183274e-11 
 1578       5.977195615134e-11 
 1579       5.943682713163e-11 
 1580       5.910671339177e-11 
 1581       5.878166371498e-11 
 1582       5.846172704972e-11 
 1583       5.814695250996e-11 
 1584       5.783738937532e-11 
 1585       5.753308709135e-11 
 1586       5.723409526973e-11 
 1587       5.694046368845e-11 
 1588       5.665224229208e-11 
 1589       5.636948119194e-11 
 1590       5.609223066635e-11 
 1591       5.582054116081e-11 
 1592       5.555446328826e-11 
 1593       5.529404782925e-11 
 1594       5.503934573218e-11 
 1595       5.479040811353e-11 
 1596       5.454728625804e-11 
 1597       5.431001792741e-11 
 1598       5.407858614881e-11 
 1599       5.385296004928e-11 
 1600       5.363310851257e-11 
 1601       5.341900017874e-11 
 1602       5.321060344372e-11 
 1603       5.300788645885e-11 
 1604       5.281081713050e-11 
 1605       5.261936311961e-11 
 1606       5.243349184129e-11 
 1607       5.225317046434e-11 
 1608       5.207836591088e-11 
 1609       5.190904485589e-11 
 1610       5.174517372679e-11 
 1611       5.158671870301e-11 
 1612       5.143364571556e-11 
 1613       5.128592044660e-11 
 1614       5.114350832903e-11 
 1615       5.100637454604e-11 
 1616       5.087448403067e-11 
 1617       5.074780146543e-11 
 1618       5.062629128182e-11 
 1619       5.050991765995e-11 
 1620       5.039864452805e-11 
 1621       5.029243556212e-11 
 1622       5.019125418542e-11 
 1623       5.009506356811e-11 
 1624       5.000382662677e-11 
 1625       4.991750602402e-11 
 1626       4.983606416804e-11 
 1627       4.975946321219e-11 
 1628       4.968766505455e-11 
 1629       4.962063133749e-11 
 1630       4.955832344729e-11 
 1631       4.950070251363e-11 
 1632       4.944772940924e-11 
 1633       4.939936474942e-11 
 1634       4.935556889164e-11 
 1635       4.931630193510e-11 
 1636       4.928151770447e-11 
 1637       4.925114564312e-11 
 1638       4.922510875712e-11 
 1639       4.920332961568e-11 
 1640       4.918573035044e-11 
 1641       4.917223265479e-11 
 1642       4.916275778316e-11 
 1643       4.915722655034e-11 
 1644       4.915555933075e-11 
 1645       4.915767605778e-11 
 1646       4.916349622306e-11 
 1647       4.917293887578e-11 
 1648       4.918592262199e-11 
 1649       4.920236562390e-11 
 1650       4.922218559917e-11 
 1651       4.924529982024e-11 
 1652       4.927162511361e-11 
 1653       4.930107785915e-11 
 1654       4.933357398940e-11 
 1655       4.936902898888e-11 
 1656       4.940735789337e-11 
 1657       4.944847528924e-11 
 1658       4.949229531274e-11 
 1659       4.953873164929e-11 
 1660       4.958769753280e-11 
 1661       4.963910574499e-11 
 1662       4.969286861462e-11 
 1663       4.974889801688e-11 
 1664       4.980710537265e-11 
 1665       4.986740164778e-11 
 1666       4.992969735243e-11 
 1667       4.999390254038e-11 
 1668       5.005992680829e-11 
 1669       5.012767929501e-11 
 1670       5.019706868094e-11 
 1671       5.026800318724e-11 
 1672       5.034039057521e-11 
 1673       5.041413814555e-11 
 1674       5.048915273770e-11 
 1675       5.056534427232e-11 
 1676       5.064263641431e-11 
 1677       5.072095600155e-11 
 1678       5.080022950960e-11 
 1679       5.088038305116e-11 
 1680       5.096134237550e-11 
 1681       5.104303286793e-11 
 1682       5.112537954925e-11 
 1683       5.120830707520e-11 
 1684       5.129173973590e-11 
 1685       5.137560145535e-11 
 1686       5.145981579083e-11 
 1687       5.154430593238e-11 
 1688       5.162899470225e-11 
 1689       5.171380455436e-11 
 1690       5.179865757375e-11 
 1691       5.188347547601e-11 
 1692       5.196817960678e-11 
 1693       5.205269094117e-11 
 1694       5.213693008322e-11 
 1695       5.222081726534e-11 
 1696       5.230427234782e-11 
 1697       5.238721481819e-11 
 1698       5.246956379078e-11 
 1699       5.255123800608e-11 
 1700       5.263215583025e-11 
 1701       5.271223525456e-11 
 1702       5.279139389484e-11 
 1703       5.286954899093e-11 
 1704       5.294661740613e-11 
 1705       5.302251562669e-11 
 1706       5.309715976121e-11 
 1707       5.317046554013e-11 
 1708       5.324234831517e-11 
 1709       5.331272305879e-11 
 1710       5.338150436364e-11 
 1711       5.344860644200e-11 
 1712       5.351394312528e-11 
 1713       5.357742786342e-11 
 1714       5.363898316293e-11 
 1715       5.369856899021e-11 
 1716       5.375615460961e-11 
 1717       5.381170916672e-11 
 1718       5.386520168818e-11 
 1719       5.391660108156e-11 
 1720       5.396587613516e-11 
 1721       5.401299551786e-11 
 1722       5.405792777899e-11 
 1723       5.410064134812e-11 
 1724       5.414110453494e-11 
 1725       5.417928552906e-11 
 1726       5.421515239988e-11 
 1727       5.424867309643e-11 
 1728       5.427981544719e-11 
 1729       5.430854715994e-11 
 1730       5.433483582157e-11 
 1731       5.435864889799e-11 
 1732       5.437995373390e-11 
 1733       5.439871755265e-11 
 1734       5.441490745608e-11 
 1735       5.442849042438e-11 
 1736       5.443943331589e-11 
 1737       5.444770286697e-11 
 1738       5.445326569182e-11 
 1739       5.445608828234e-11 
 1740       5.445613700793e-11 
 1741       5.445337811539e-11 
 1742       5.444777772870e-11 
 1743       5.443930184888e-11 
 1744       5.442791635384e-11 
 1745       5.441358699822e-11 
 1746       5.439627941320e-11 
 1747       5.437595910637e-11 
 1748       5.435259146156e-11 
 1749       5.432614173867e-11 
 1750       5.429657507351e-11 
 1751       5.426385647766e-11 
 1752       5.422795083829e-11 
 1753       5.418883215751e-11 
 1754       5.414651135521e-11 
 1755       5.410100869798e-11 
 1756       5.405234458085e-11 
 1757       5.400053952752e-11 
 1758       5.394561419051e-11 
 1759       5.388758935140e-11 
 1760       5.382648592101e-11 
 1761       5.376232493962e-11 
 1762       5.369512757714e-11 
 1763       5.362491513333e-11 
 1764       5.355170903799e-11 
 1765       5.347553085117e-11 
 1766       5.339640226335e-11 
 1767       5.331434509567e-11 
 1768       5.322938130010e-11 
 1769       5.314153295966e-11 
 1770       5.305082228861e-11 
 1771       5.295727163264e-11 
 1772       5.286090346909e-11 
 1773       5.276174040714e-11 
 1774       5.265980518801e-11 
 1775       5.255512068516e-11 
 1776       5.244770990447e-11 
 1777       5.233759598449e-11 
 1778       5.222480219659e-11 
 1779       5.210935194518e-11 
 1780       5.199126876790e-11 
 1781       5.187057633583e-11 
 1782       5.174729845370e-11 
 1783       5.162145906005e-11 
 1784       5.149308222748e-11 
 1785       5.136219216281e-11 
 1786       5.122881320730e-11 
 1787       5.109296983684e-11 
 1788       5.095468666216e-11 
 1789       5.081398842901e-11 
 1790       5.067090001839e-11 
 1791       5.052544644672e-11 
 1792       5.037765699778e-11 
 1793       5.022757765503e-11 
 1794       5.007525877121e-11 
 1795       4.992075094616e-11 
 1796       4.976410502722e-11 
 1797       4.960537210954e-11 
 1798       4.944460353644e-11 
 1799       4.928185089978e-11 
 1800       4.911716604033e-11 
 1801       4.895060104807e-11 
 1802       4.878220826259e-11 
 1803       4.861204027342e-11 
 1804       4.844014992040e-11 
 1805       4.826659029402e-11 
 1806       4.809141473579e-11 
 1807       4.791467683858e-11 
 1808       4.773643044698e-11 
 1809       4.755672965764e-11 
 1810       4.737562881965e-11 
 1811       4.719318253487e-11 
 1812       4.700944565829e-11 
 1813       4.682447329842e-11 
 1814       4.663832081757e-11 
 1815       4.645104383225e-11 
 1816       4.626269821356e-11 
 1817       4.607334008745e-11 
 1818       4.588302583515e-11 
 1819       4.569181209352e-11 
 1820       4.549975575535e-11 
 1821       4.530691396976e-11 
 1822       4.511334414256e-11 
 1823       4.491910393657e-11 
 1824       4.472425127198e-11 
 1825       4.452884432673e-11 
 1826       4.433294153685e-11 
 1827       4.413660159680e-11 
 1828       4.393988345984e-11 
 1829       4.374284633838e-11 
 1830       4.354554970434e-11 
 1831       4.334805102891e-11 
 1832       4.315039898153e-11 
 1833       4.295264017724e-11 
 1834       4.275482143266e-11 
 1835       4.255698976621e-11 
 1836       4.235919239840e-11 
 1837       4.216147675210e-11 
 1838       4.196389045283e-11 
 1839       4.176648132901e-11 
 1840       4.156929741225e-11 
 1841       4.137238693760e-11 
 1842       4.117579834385e-11 
 1843       4.097958027379e-11 
 1844       4.078378157449e-11 
 1845       4.058845129756e-11 
 1846       4.039363869942e-11 
 1847       4.019939324161e-11 
 1848       4.000576459101e-11 
 1849       3.981280262016e-11 
 1850       3.962055740749e-11 
 1851       3.942907923764e-11 
 1852       3.923841860169e-11 
 1853       3.904862619746e-11 
 1854       3.885975292977e-11 
 1855       3.867184991073e-11 
 1856       3.848496845998e-11 
 1857       3.829916010499e-11 
 1858       3.811447658134e-11 
 1859       3.793096983296e-11 
 1860       3.774869201244e-11 
 1861       3.756769548128e-11 
 1862       3.738803281015e-11 
 1863       3.720975677920e-11 
 1864       3.703292037832e-11 
 1865       3.685757680739e-11 
 1866       3.668377947658e-11 
 1867       3.651158200661e-11 
 1868       3.634103822904e-11 
 1869       3.617220218651e-11 
 1870       3.600512193470e-11 
 1871       3.583982089459e-11 
 1872       3.567631635482e-11 
 1873       3.551462565679e-11 
 1874       3.535476619478e-11 
 1875       3.519675541597e-11 
 1876       3.504061082051e-11 
 1877       3.488634996160e-11 
 1878       3.473399044553e-11 
 1879       3.458354993172e-11 
 1880       3.443504613283e-11 
 1881       3.428849681480e-11 
 1882       3.414391979688e-11 
 1883       3.400133295174e-11 
 1884       3.386075420551e-11 
 1885       3.372220153780e-11 
 1886       3.358569298184e-11 
 1887       3.345124662448e-11 
 1888       3.331888060626e-11 
 1889       3.318861312150e-11 
 1890       3.306046241832e-11 
 1891       3.293444679872e-11 
 1892       3.281058461866e-11 
 1893       3.268889428808e-11 
 1894       3.256939427099e-11 
 1895       3.245210308551e-11 
 1896       3.233703930396e-11 
 1897       3.222422155288e-11 
 1898       3.211366851315e-11 
 1899       3.200539891996e-11 
 1900       3.189943156296e-11 
 1901       3.179578528628e-11 
 1902       3.169447898859e-11 
 1903       3.159553162315e-11 
 1904       3.149896219791e-11 
 1905       3.140478977553e-11 
 1906       3.131303347345e-11 
 1907       3.122371246398e-11 
 1908       3.113684597431e-11 
 1909       3.105244724599e-11 
 1910       3.097050536250e-11 
 1911       3.089100328244e-11 
 1912       3.081392386742e-11 
 1913       3.073924988189e-11 
 1914       3.066696399300e-11 
 1915       3.059704877048e-11 
 1916       3.052948668648e-11 
 1917       3.046426011545e-11 
 1918       3.040135133399e-11 
 1919       3.034074252072e-11 
 1920       3.028241575612e-11 
 1921       3.022635302243e-11 
 1922       3.017253620349e-11 
 1923       3.012094708458e-11 
 1924       3.007156735232e-11 
 1925       3.002437859452e-11 
 1926       2.997936230003e-11 
 1927       2.993649985859e-11 
 1928       2.989577256075e-11 
 1929       2.985716159765e-11 
 1930       2.982064806095e-11 
 1931       2.978621294265e-11 
 1932       2.975383713498e-11 
 1933       2.972350143024e-11 
 1934       2.969518652067e-11 
 1935       2.966887299830e-11 
 1936       2.964454135485e-11 
 1937       2.962217198154e-11 
 1938       2.960174516898e-11 
 1939       2.958324110704e-11 
 1940       2.956663988468e-11 
 1941       2.955192148986e-11 
 1942       2.953906580933e-11 
 1943       2.952805262857e-11 
 1944       2.951886163161e-11 
 1945       2.951147240088e-11 
 1946       2.950586441710e-11 
 1947       2.950201705914e-11 
 1948       2.949990700947e-11 
 1949       2.949950044961e-11 
 1950       2.950076080578e-11 
 1951       2.950365133776e-11 
 1952       2.950813513864e-11 
 1953       2.951417513461e-11 
 1954       2.952173408477e-11 
 1955       2.953077458084e-11 
 1956       2.954125904702e-11 
 1957       2.955314973972e-11 
 1958       2.956640874736e-11 
 1959       2.958099799012e-11 
 1960       2.959687921975e-11 
 1961       2.961401401937e-11 
 1962       2.963236380317e-11 
 1963       2.965188981629e-11 
 1964       2.967255313450e-11 
 1965       2.969431466408e-11 
 1966       2.971713514151e-11 
 1967       2.974097513330e-11 
 1968       2.976579503577e-11 
 1969       2.979155507481e-11 
 1970       2.981821530565e-11 
 1971       2.984573561269e-11 
 1972       2.987407570922e-11 
 1973       2.990319513724e-11 
 1974       2.993305326722e-11 
 1975       2.996360929788e-11 
 1976       2.999482225599e-11 
 1977       3.002665099612e-11 
 1978       3.005905420044e-11 
 1979       3.009199037850e-11 
 1980       3.012541786699e-11 
 1981       3.015929482955e-11 
 1982       3.019357925651e-11 
 1983       3.022822896472e-11 
 1984       3.026320159727e-11 
 1985       3.029845462333e-11 
 1986       3.033394533789e-11 
 1987       3.036963256134e-11 
 1988       3.040548175240e-11 
 1989       3.044145993241e-11 
 1990       3.047753398879e-11 
 1991       3.051367067488e-11 
 1992       3.054983660977e-11 
 1993       3.058599827812e-11 
 1994       3.062212203001e-11 
 1995       3.065817408076e-11 
 1996       3.069412051074e-11 
 1997       3.072992726525e-11 
 1998       3.076556015431e-11 
 1999       3.080098485250e-11 
 2000       3.083616689881e-11 
 2001       3.087107169646e-11 
 2002       3.090566451270e-11 
 2003       3.093991047871e-11 
 2004       3.097377458936e-11 
 2005       3.100722170308e-11 
 2006       3.104021654171e-11 
 2007       3.107272369026e-11 
 2008       3.110470759682e-11 
 2009       3.113613257235e-11 
 2010       3.116696279052e-11 
 2011       3.119716228752e-11 
 2012       3.122669496194e-11 
 2013       3.125552457456e-11 
 2014       3.128361474819e-11 
 2015       3.131092896751e-11 
 2016       3.133743057890e-11 
 2017       3.136308279027e-11 
 2018       3.138784867086e-11 
 2019       3.141169115114e-11 
 2020       3.143457302257e-11 
 2021       3.145645693749e-11 
 2022       3.147730540890e-11 
 2023       3.149708081033e-11 
 2024       3.151574537565e-11 
 2025       3.153326119891e-11 
 2026       3.154959457808e-11 
 2027       3.156472908098e-11 
 2028       3.157865257341e-11 
 2029       3.159135288376e-11 
 2030       3.160281780298e-11 
 2031       3.161303508455e-11 
 2032       3.162199244439e-11 
 2033       3.162967756086e-11 
 2034       3.163607807473e-11 
 2035       3.164118158908e-11 
 2036       3.164497566932e-11 
 2037       3.164744784311e-11 
 2038       3.164858560032e-11 
 2039       3.164837639303e-11 
 2040       3.164680763543e-11 
 2041       3.164386670381e-11 
 2042       3.163954093650e-11 
 2043       3.163381763388e-11 
 2044       3.162668405826e-11 
 2045       3.161812743390e-11 
 2046       3.160813494692e-11 
 2047       3.159669374531e-11 
 2048       3.158379093886e-11 
 2049       3.156941359910e-11 
 2050       3.155354875929e-11 
 2051       3.153618341437e-11 
 2052       3.151730452092e-11 
 2053       3.149689899708e-11 
 2054       3.147495372259e-11 
 2055       3.145145553865e-11 
 2056       3.142639124797e-11 
 2057       3.139974761465e-11 
 2058       3.137151136420e-11 
 2059       3.134166918346e-11 
 2060       3.131020772056e-11 
 2061       3.127711358492e-11 
 2062       3.124237334713e-11 
 2063       3.120597353899e-11 
 2064       3.116790065342e-11 
 2065       3.112814538033e-11 
 2066       3.108671534702e-11 
 2067       3.104362246801e-11 
 2068       3.099887871742e-11 
 2069       3.095249612902e-11 
 2070       3.090448679633e-11 
 2071       3.085486287273e-11 
 2072       3.080363657145e-11 
 2073       3.075082016574e-11 
 2074       3.069642598890e-11 
 2075       3.064046643434e-11 
 2076       3.058295395572e-11 
 2077       3.052390106695e-11 
 2078       3.046332034235e-11 
 2079       3.040122441664e-11 
 2080       3.033762598508e-11 
 2081       3.027253780355e-11 
 2082       3.020597268857e-11 
 2083       3.013794351743e-11 
 2084       3.006846322826e-11 
 2085       2.999754482007e-11 
 2086       2.992520135289e-11 
 2087       2.985144594778e-11 
 2088       2.977629178697e-11 
 2089       2.969975211387e-11 
 2090       2.962184023323e-11 
 2091       2.954256951113e-11 
 2092       2.946195337512e-11 
 2093       2.938000531428e-11 
 2094       2.929673887928e-11 
 2095       2.921216768249e-11 
 2096       2.912630539801e-11 
 2097       2.903916576180e-11 
 2098       2.895076257173e-11 
 2099       2.886110968765e-11 
 2100       2.877022103148e-11 
 2101       2.867811058729e-11 
 2102       2.858479240137e-11 
 2103       2.849028058231e-11 
 2104       2.839459117494e-11 
 2105       2.829774779630e-11 
 2106       2.819977603903e-11 
 2107       2.810070160118e-11 
 2108       2.800055028639e-11 
 2109       2.789934800397e-11 
 2110       2.779712076904e-11 
 2111       2.769389470268e-11 
 2112       2.758969603201e-11 
 2113       2.748455109039e-11 
 2114       2.737848631747e-11 
 2115       2.727152825938e-11 
 2116       2.716370356881e-11 
 2117       2.705503900517e-11 
 2118       2.694556143472e-11 
 2119       2.683529783067e-11 
 2120       2.672427527334e-11 
 2121       2.661252095027e-11 
 2122       2.650006215633e-11 
 2123       2.638692629390e-11 
 2124       2.627314087296e-11 
 2125       2.615873351120e-11 
 2126       2.604373193421e-11 
 2127       2.592816397554e-11 
 2128       2.581205757689e-11 
 2129       2.569544078819e-11 
 2130       2.557834176774e-11 
 2131       2.546078878235e-11 
 2132       2.534281020748e-11 
 2133       2.522443452733e-11 
 2134       2.510569033499e-11 
 2135       2.498660633257e-11 
 2136       2.486721133132e-11 
 2137       2.474753425178e-11 
 2138       2.462760412387e-11 
 2139       2.450745008704e-11 
 2140       2.438710139042e-11 
 2141       2.426658739290e-11 
 2142       2.414593756328e-11 
 2143       2.402518044704e-11 
 2144       2.390434055848e-11 
 2145       2.378344146758e-11 
 2146       2.366250683159e-11 
 2147       2.354156039507e-11 
 2148       2.342062599004e-11 
 2149       2.329972753604e-11 
 2150       2.317888904029e-11 
 2151       2.305813459774e-11 
 2152       2.293748839119e-11 
 2153       2.281697469138e-11 
 2154       2.269661785710e-11 
 2155       2.257644233532e-11 
 2156       2.245647266122e-11 
 2157       2.233673345837e-11 
 2158       2.221724943876e-11 
 2159       2.209804540296e-11 
 2160       2.197914624020e-11 
 2161       2.186057692845e-11 
 2162       2.174236253454e-11 
 2163       2.162452821428e-11 
 2164       2.150709921252e-11 
 2165       2.139010086327e-11 
 2166       2.127355858983e-11 
 2167       2.115749790483e-11 
 2168       2.104194441039e-11 
 2169       2.092692379820e-11 
 2170       2.081246184958e-11 
 2171       2.069858443567e-11 
 2172       2.058531751744e-11 
 2173       2.047268714585e-11 
 2174       2.036071946192e-11 
 2175       2.024944069686e-11 
 2176       2.013887717215e-11 
 2177       2.002905529963e-11 
 2178       1.992000158162e-11 
 2179       1.981174261104e-11 
 2180       1.970430507146e-11 
 2181       1.959771573725e-11 
 2182       1.949199857801e-11 
 2183       1.938716605049e-11 
 2184       1.928322774847e-11 
 2185       1.918019329311e-11 
 2186       1.907807233297e-11 
 2187       1.897687454406e-11 
 2188       1.887660962986e-11 
 2189       1.877728732134e-11 
 2190       1.867891737700e-11 
 2191       1.858150958287e-11 
 2192       1.848507375259e-11 
 2193       1.838961972739e-11 
 2194       1.829515737614e-11 
 2195       1.820169659539e-11 
 2196       1.810924730935e-11 
 2197       1.801781946999e-11 
 2198       1.792742305699e-11 
 2199       1.783806807784e-11 
 2200       1.774976456782e-11 
 2201       1.766252259003e-11 
 2202       1.757635223547e-11 
 2203       1.749126362300e-11 
 2204       1.740726689939e-11 
 2205       1.732437223939e-11 
 2206       1.724258984570e-11 
 2207       1.716192994902e-11 
 2208       1.708240280810e-11 
 2209       1.700401870973e-11 
 2210       1.692678796879e-11 
 2211       1.685072092830e-11 
 2212       1.677582795938e-11 
 2213       1.670211946135e-11 
 2214       1.662960586173e-11 
 2215       1.655829761625e-11 
 2216       1.648820520892e-11 
 2217       1.641933915202e-11 
 2218       1.635170998613e-11 
 2219       1.628532828020e-11 
 2220       1.622020463152e-11 
 2221       1.615634677720e-11 
 2222       1.609375090758e-11 
 2223       1.603241029559e-11 
 2224       1.597231818013e-11 
 2225       1.591346776599e-11 
 2226       1.585585222387e-11 
 2227       1.579946469026e-11 
 2228       1.574429826745e-11 
 2229       1.569034602347e-11 
 2230       1.563760099207e-11 
 2231       1.558605617265e-11 
 2232       1.553570453021e-11 
 2233       1.548653899536e-11 
 2234       1.543855246421e-11 
 2235       1.539173779838e-11 
 2236       1.534608782494e-11 
 2237       1.530159533637e-11 
 2238       1.525825309050e-11 
 2239       1.521605381051e-11 
 2240       1.517499018483e-11 
 2241       1.513505486715e-11 
 2242       1.509624047635e-11 
 2243       1.505853959646e-11 
 2244       1.502194477665e-11 
 2245       1.498644853113e-11 
 2246       1.495204333915e-11 
 2247       1.491872164494e-11 
 2248       1.488647585769e-11 
 2249       1.485529835149e-11 
 2250       1.482518146527e-11 
 2251       1.479611750280e-11 
 2252       1.476809873263e-11 
 2253       1.474111738801e-11 
 2254       1.471516566693e-11 
 2255       1.469023573200e-11 
 2256       1.466631971044e-11 
 2257       1.464340969403e-11 
 2258       1.462149773911e-11 
 2259       1.460057586646e-11 
 2260       1.458063468553e-11 
 2261       1.456165925730e-11 
 2262       1.454363320453e-11 
 2263       1.452654008501e-11 
 2264       1.451036339151e-11 
 2265       1.449508655171e-11 
 2266       1.448069292810e-11 
 2267       1.446716581792e-11 
 2268       1.445448845311e-11 
 2269       1.444264400019e-11 
 2270       1.443161556020e-11 
 2271       1.442138616865e-11 
 2272       1.441193879543e-11 
 2273       1.440325634472e-11 
 2274       1.439532165495e-11 
 2275       1.438811749868e-11 
 2276       1.438162658256e-11 
 2277       1.437583154726e-11 
 2278       1.437071496737e-11 
 2279       1.436625935134e-11 
 2280       1.436244714140e-11 
 2281       1.435926071349e-11 
 2282       1.435668237720e-11 
 2283       1.435469437565e-11 
 2284       1.435327888548e-11 
 2285       1.435241801671e-11 
 2286       1.435209381272e-11 
 2287       1.435228825014e-11 
 2288       1.435298323879e-11 
 2289       1.435416062161e-11 
 2290       1.435580217458e-11 
 2291       1.435788960663e-11 
 2292       1.436040455959e-11 
 2293       1.436332860812e-11 
 2294       1.436664325960e-11 
 2295       1.437032995409e-11 
 2296       1.437437006424e-11 
 2297       1.437874489522e-11 
 2298       1.438343568464e-11 
 2299       1.438842416840e-11 
 2300       1.439369428234e-11 
 2301       1.439923047126e-11 
 2302       1.440501712395e-11 
 2303       1.441103857311e-11 
 2304       1.441727909532e-11 
 2305       1.442372291094e-11 
 2306       1.443035418405e-11 
 2307       1.443715702244e-11 
 2308       1.444411547746e-11 
 2309       1.445121354406e-11 
 2310       1.445843516065e-11 
 2311       1.446576420908e-11 
 2312       1.447318451454e-11 
 2313       1.448067984556e-11 
 2314       1.448823391387e-11 
 2315       1.449583037443e-11 
 2316       1.450345282527e-11 
 2317       1.451108480751e-11 
 2318       1.451870980525e-11 
 2319       1.452631124553e-11 
 2320       1.453387249826e-11 
 2321       1.454137687616e-11 
 2322       1.454880763470e-11 
 2323       1.455614797204e-11 
 2324       1.456338102897e-11 
 2325       1.457048988884e-11 
 2326       1.457745757749e-11 
 2327       1.458426706323e-11 
 2328       1.459090125673e-11 
 2329       1.459734301098e-11 
 2330       1.460357512124e-11 
 2331       1.460958032494e-11 
 2332       1.461534130167e-11 
 2333       1.462084067308e-11 
 2334       1.462606100283e-11 
 2335       1.463098479653e-11 
 2336       1.463559450169e-11 
 2337       1.463987250763e-11 
 2338       1.464380296944e-11 
 2339       1.464737729238e-11 
 2340       1.465058868172e-11 
 2341       1.465343032179e-11 
 2342       1.465589537599e-11 
 2343       1.465797698676e-11 
 2344       1.465966827556e-11 
 2345       1.466096234285e-11 
 2346       1.466185226806e-11 
 2347       1.466233110957e-11 
 2348       1.466239190471e-11 
 2349       1.466202766970e-11 
 2350       1.466123139966e-11 
 2351       1.465999606858e-11 
 2352       1.465831462930e-11 
 2353       1.465618001346e-11 
 2354       1.465358513155e-11 
 2355       1.465052287279e-11 
 2356       1.464698610521e-11 
 2357       1.464296767552e-11 
 2358       1.463846040922e-11 
 2359       1.463345711043e-11 
 2360       1.462795056201e-11 
 2361       1.462193352543e-11 
 2362       1.461539874081e-11 
 2363       1.460833892688e-11 
 2364       1.460074678094e-11 
 2365       1.459261497888e-11 
 2366       1.458393617512e-11 
 2367       1.457470300262e-11 
 2368       1.456490807282e-11 
 2369       1.455454397566e-11 
 2370       1.454360327953e-11 
 2371       1.453207853125e-11 
 2372       1.451996225607e-11 
 2373       1.450724695763e-11 
 2374       1.449392511795e-11 
 2375       1.447998919737e-11 
 2376       1.446543163461e-11 
 2377       1.445024674277e-11 
 2378       1.443443641042e-11 
 2379       1.441800443564e-11 
 2380       1.440095463310e-11 
 2381       1.438329083404e-11 
 2382       1.436501688638e-11 
 2383       1.434613665465e-11 
 2384       1.432665402005e-11 
 2385       1.430657288048e-11 
 2386       1.428589715051e-11 
 2387       1.426463076146e-11 
 2388       1.424277766137e-11 
 2389       1.422034181506e-11 
 2390       1.419732720409e-11 
 2391       1.417373782686e-11 
 2392       1.414957769855e-11 
 2393       1.412485085118e-11 
 2394       1.409956133363e-11 
 2395       1.407371321165e-11 
 2396       1.404731056787e-11 
 2397       1.402035750183e-11 
 2398       1.399285813000e-11 
 2399       1.396481658579e-11 
 2400       1.393623701959e-11 
 2401       1.390712359875e-11 
 2402       1.387748050763e-11 
 2403       1.384731194761e-11 
 2404       1.381662213712e-11 
 2405       1.378541531163e-11 
 2406       1.375369572369e-11 
 2407       1.372146764295e-11 
 2408       1.368873535618e-11 
 2409       1.365550316727e-11 
 2410       1.362177539726e-11 
 2411       1.358755638438e-11 
 2412       1.355285048401e-11 
 2413       1.351766206878e-11 
 2414       1.348199552852e-11 
 2415       1.344585527032e-11 
 2416       1.340924660786e-11 
 2417       1.337217843541e-11 
 2418       1.333466057009e-11 
 2419       1.329670286404e-11 
 2420       1.325831520443e-11 
 2421       1.321950751354e-11 
 2422       1.318028974876e-11 
 2423       1.314067190266e-11 
 2424       1.310066400299e-11 
 2425       1.306027611276e-11 
 2426       1.301951833023e-11 
 2427       1.297840078898e-11 
 2428       1.293693365794e-11 
 2429       1.289512714141e-11 
 2430       1.285299147915e-11 
 2431       1.281053694633e-11 
 2432       1.276777385364e-11 
 2433       1.272471254731e-11 
 2434       1.268136340912e-11 
 2435       1.263773685647e-11 
 2436       1.259384334239e-11 
 2437       1.254969335561e-11 
 2438       1.250529742057e-11 
 2439       1.246066609745e-11 
 2440       1.241580998225e-11 
 2441       1.237073970676e-11 
 2442       1.232546593868e-11 
 2443       1.227999938157e-11 
 2444       1.223435077496e-11 
 2445       1.218853089434e-11 
 2446       1.214255055123e-11 
 2447       1.209642059317e-11 
 2448       1.205015190383e-11 
 2449       1.200375540297e-11 
 2450       1.195724204653e-11 
 2451       1.191062282663e-11 
 2452       1.186390877165e-11 
 2453       1.181711094622e-11 
 2454       1.177024045130e-11 
 2455       1.172330827041e-11 
 2456       1.167632480738e-11 
 2457       1.162930034594e-11 
 2458       1.158224520325e-11 
 2459       1.153516972998e-11 
 2460       1.148808431027e-11 
 2461       1.144099936186e-11 
 2462       1.139392533603e-11 
 2463       1.134687271771e-11 
 2464       1.129985202544e-11 
 2465       1.125287381150e-11 
 2466       1.120594866183e-11 
 2467       1.115908719616e-11 
 2468       1.111230006800e-11 
 2469       1.106559796468e-11 
 2470       1.101899160736e-11 
 2471       1.097249175113e-11 
 2472       1.092610918496e-11 
 2473       1.087985473181e-11 
 2474       1.083373924862e-11 
 2475       1.078777362633e-11 
 2476       1.074196878997e-11 
 2477       1.069633569866e-11 
 2478       1.065088534561e-11 
 2479       1.060562875824e-11 
 2480       1.056057699812e-11 
 2481       1.051574116107e-11 
 2482       1.047113237718e-11 
 2483       1.042676181080e-11 
 2484       1.038264066065e-11 
 2485       1.033878015978e-11 
 2486       1.029519157567e-11 
 2487       1.025188621019e-11 
 2488       1.020887539973e-11 
 2489       1.016617051512e-11 
 2490       1.012378296176e-11 
 2491       1.008172417961e-11 
 2492       1.004000564323e-11 
 2493       9.998638861806e-12 
 2494       9.957631699969e-12 
 2495       9.916977316497e-12 
 2496       9.876665160727e-12 
 2497       9.836684645857e-12 
 2498       9.797025148906e-12 
 2499       9.757676010680e-12 
 2500       9.718626535736e-12 
 2501       9.679865992340e-12 
 2502       9.641383612434e-12 
 2503       9.603168591598e-12 
 2504       9.565210089013e-12 
 2505       9.527497227423e-12 
 2506       9.490019093101e-12 
 2507       9.452764735808e-12 
 2508       9.415723168758e-12 