0.000000000000000000e+00
0.000000000000000000e+00
1.143738969376529632e-10
5.614910126858894338e-11
3.278468232894463990e-11
2.138560274149595933e-11
1.506038532226768949e-11
1.121382222160705502e-11
8.702229542323743631e-12
6.976166561698547395e-12
5.737928063177170176e-12
4.816269503453794247e-12
4.116792388015371928e-12
3.567477036560552609e-12
3.127824056660229899e-12
2.767292729281209750e-12
2.473678476076151421e-12
2.231286758561676404e-12
2.026184552548195669e-12
1.852852421968476671e-12
1.702058226387393433e-12
1.571227335047559772e-12
1.457001748811800642e-12
1.356060068923265681e-12
1.266818755813884912e-12
1.187749567045598201e-12
1.116816183247697824e-12
1.053327406923976740e-12
9.960483285644186230e-13
9.440880340725623362e-13
8.969705067021889581e-13
8.536264884049239384e-13
8.143162311282485994e-13
7.781445671587042953e-13
7.447403503232431552e-13
7.142287228804832168e-13
6.857377050751936582e-13
6.593611448394744992e-13
6.349172637153842083e-13
6.121758330720636522e-13
5.909565452082503155e-13
5.710946773197781625e-13
5.524719233402571210e-13
5.349832436628057151e-13
5.185506296083655703e-13
5.031091358997709109e-13
4.885617525095770109e-13
4.748327245289031374e-13
4.618519124789485860e-13
4.495615201317594953e-13
4.379314722891771425e-13
4.269336036774095190e-13
4.165039349618530313e-13
4.065791055185202658e-13
3.971174837590069080e-13
3.880854983616382803e-13
3.794840000624096275e-13
3.713119973522073331e-13
3.635321972171387165e-13
3.561001733707955540e-13
3.489914901632930786e-13
3.421893974872077453e-13
3.356759792096650040e-13
3.294368161140916280e-13
3.234554098390570504e-13
3.177208881714765250e-13
3.122255649291558054e-13
3.069527464213170209e-13
3.018841446245360877e-13
2.970017075836047993e-13
2.922914524257153136e-13
2.877416992134942327e-13
2.833630069443589381e-13
2.791643960614929169e-13
2.751377052440445894e-13
2.712741505985118604e-13
2.675586691125186302e-13
2.639654081688895449e-13
2.604857626768167335e-13
2.571197092415197395e-13
2.538641073702490156e-13
2.507165135349885593e-13
2.476740815417973285e-13
2.447301119831040770e-13
2.418809991861640836e-13
2.391224516914838284e-13
2.364507210055906458e-13
2.338585080070358983e-13
2.313401259900924541e-13
2.288934123101268579e-13
2.265155191366289249e-13
2.242045213738301581e-13
2.219579354254401530e-13
2.197748608993496623e-13
2.176522759450646411e-13
2.155893938968806717e-13
2.135833908962351412e-13
2.116322593120332181e-13
2.097347311199775331e-13
2.078870346760021748e-13
2.060887439914263136e-13
2.043375788551406552e-13
2.026319778944648509e-13
2.009692740459723325e-13
1.993481042510263613e-13
1.977665976460962412e-13
1.962229793969700001e-13
1.947155650414697355e-13
1.932422214696749242e-13
1.918025066568547806e-13
1.903944332417199443e-13
1.890166096810602829e-13
1.876681342414023596e-13
1.863476341144572732e-13
1.850538051696302820e-13
1.837854080849088087e-13
1.825417276746884439e-13
1.813216200491690969e-13
1.801235496519028178e-13
1.789469434912270291e-13
1.777908155195774960e-13
1.766542268933650010e-13
1.755358647324511807e-13
1.744353093848353211e-13
1.733517485575139287e-13
1.722840090073373686e-13
1.712317639240631425e-13
1.701939221839976718e-13
1.691698295597863757e-13
1.681592364126521284e-13
1.671611607309456504e-13
1.661746919046763466e-13
1.652001230598342562e-13
1.642363324214171130e-13
1.632832987543342546e-13
1.623403105583347967e-13
1.614073653797564578e-13
1.604837898345786960e-13
1.595692705520346260e-13
1.586631834017574090e-13
1.577658890440997934e-13
1.568764675086356459e-13
1.559946639492474844e-13
1.551205382265992383e-13
1.542532397788483573e-13
1.533928507088193620e-13
1.525382738259641017e-13
1.516893338760396486e-13
1.508455769641051030e-13
1.500065704205420849e-13
1.491719018024138277e-13
1.483408943249250972e-13
1.475139461572693078e-13
1.466906233749631569e-13
1.458710389293172141e-13
1.450550384038768533e-13
1.442429865777894236e-13
1.434342149365488558e-13
1.426290872278757765e-13
1.418272066107409577e-13
1.410284382676879670e-13
1.402321708340799772e-13
1.394382975201013535e-13
1.386467157161622477e-13
1.378568624307970436e-13
1.370688890857137207e-13
1.362824858943545310e-13
1.354975810616276095e-13
1.347141056181737462e-13
1.339319933033325723e-13
1.331511804529828975e-13
1.323713922654461887e-13
1.315929996744701359e-13
1.308155213094629986e-13
1.300389100184066882e-13
1.292633245064898520e-13
1.284885090805762727e-13
1.277144045239502635e-13
1.269407533452664921e-13
1.261676993040690972e-13
1.253951868342861634e-13
1.246229719049961036e-13
1.238511982992237476e-13
1.230798168789609117e-13
1.223085959249147662e-13
1.215376787703532758e-13
1.207668412953156778e-13
1.199962262787325570e-13
1.192257936132027678e-13
1.184553298477225341e-13
1.176849766968228976e-13
1.169146986518111570e-13
1.161442920841407196e-13
1.153737295502227781e-13
1.146033169517978862e-13
1.138328545648865419e-13
1.130624761771756939e-13
1.122923101800151503e-13
1.115224797706542632e-13
1.107526295397608029e-13
1.099831996060907699e-13
1.092139846754265676e-13
1.084449050821076440e-13
1.076755719651453521e-13
1.069062125671446525e-13
1.061363014474995172e-13
1.053660702117999998e-13
1.045953039164083387e-13
1.038239404656444766e-13
1.030526360631010395e-13
1.022811713920075433e-13
1.015097567876823416e-13
1.007387338771884012e-13
9.996815582321197310e-14
9.919821027842110108e-14
9.842894254452756410e-14
9.766012800431381915e-14
9.689181576625448596e-14
9.612405304746426571e-14
9.535675483044760829e-14
9.458983905931826455e-14
9.382348267508751284e-14
9.305747544777127394e-14
9.229199189798554107e-14
9.152720028230192914e-14
9.076313923953109402e-14
8.999972343584144794e-14
8.923711318808733816e-14
8.847534275001820019e-14
8.771456431928580753e-14
8.695468813674467047e-14
8.619586182278036712e-14
8.543822775236709896e-14
8.468169274157591054e-14
8.392628079993450811e-14
8.317224148901971656e-14
8.241936637843449081e-14
8.166801072818067596e-14
8.091807583464486191e-14
8.016968505666664360e-14
7.942284874177320057e-14
7.867757658396796072e-14
7.793409133648050731e-14
7.719239619303215067e-14
7.645249388239928974e-14
7.571459518463159427e-14
7.497880028461977874e-14
7.424500058723088835e-14
7.351349755879272920e-14
7.278417887893835605e-14
7.205723574022257885e-14
7.133255402794018311e-14
7.061021671378227447e-14
6.989020515071086647e-14
6.917269482821893451e-14
6.845747029344479033e-14
6.774470431323173332e-14
6.703446908746969491e-14
6.632692813562586795e-14
6.562214615035553240e-14
6.492037050533020905e-14
6.422156484420012793e-14
6.352596690499550791e-14
6.283362567672531786e-14
6.214458807535952403e-14
6.145880987135166473e-14
6.077633602596137232e-14
6.009729737534078064e-14
5.942164596033295082e-14
5.874933463163717393e-14
5.808040290441679151e-14
5.741505902505722274e-14
5.675316608944861847e-14
5.609501056289582422e-14
5.544045305552766242e-14
5.478960593678954834e-14
5.414265991495082725e-14
5.349955481752215052e-14
5.286031256987174423e-14
5.222503428008289325e-14
5.159381755960508195e-14
5.096659804115365214e-14
5.034347000248269986e-14
4.972452444537962239e-14
4.910969393359286537e-14
4.849906645129398834e-14
4.789265036277781360e-14
4.729060520555497980e-14
4.669285900882960394e-14
4.609941611748434612e-14
4.551042904207867217e-14
4.492589760814747319e-14
4.434574757220943103e-14
4.377005196174025495e-14
4.319888121023221477e-14
4.263215931713673136e-14
4.206995464810601867e-14
4.151219114160799313e-14
4.095900570810133221e-14
4.041039091481623143e-14
3.986633891339206665e-14
3.932691335505272675e-14
3.879218665148345014e-14
3.826216323119428128e-14
3.773691455771437853e-14
3.721650961508389953e-14
3.670088120533356735e-14
3.619016260132121331e-14
3.568435097586553734e-14
3.518344294987904070e-14
3.468736943808492532e-14
3.419632152323260211e-14
3.371016309710650999e-14
3.322901661203499563e-14
3.275287375324567134e-14
3.228166267337214801e-14
3.181550089286205463e-14
3.135437771058577272e-14
3.089834401497030289e-14
3.044732570544432439e-14
3.000131107932180897e-14
2.956047048349624377e-14
2.912460697359583814e-14
2.869388808274642484e-14
2.826817828025250380e-14
2.784758196536701441e-14
2.743202357055207301e-14
2.702154593422627082e-14
2.661613204008492886e-14
2.621576469484774410e-14
2.582048405902458168e-14
2.543021439441879757e-14
2.504499486775288381e-14
2.466475015503133974e-14
2.428951847255020408e-14
2.391933656999498768e-14
2.355412878878444840e-14
2.319387586540266190e-14
2.283855844610249975e-14
2.248821160693727509e-14
2.214281487506574021e-14
2.180229384806098110e-14
2.146662889557255930e-14
2.113580033003838198e-14
2.080973547073475177e-14
2.048841545249150926e-14
2.017182135551773121e-14
1.985988217949921451e-14
1.955257980829689696e-14
1.924994751212503508e-14
1.895191505250227765e-14
1.865851833873814561e-14
1.836975458252381682e-14
1.808557359434358676e-14
1.780597586985386414e-14
1.753101117552042796e-14
1.726057941744588634e-14
1.699468063043627496e-14
1.673331442971449835e-14
1.647643140735001736e-14
1.622398283848685285e-14
1.597596875102835924e-14
1.573234096083417090e-14
1.549314705408522216e-14
1.525824402079800861e-14
1.502772675606359585e-14
1.480150060613594186e-14
1.457956564251915036e-14
1.436187529722035851e-14
1.414838364408539930e-14
1.393913693337710811e-14
1.373399796243948125e-14
1.353301324542112195e-14
1.333609283988305572e-14
1.314323797832172103e-14
1.295436040943472442e-14
1.276946207200882113e-14
1.258854453961947875e-14
1.241147745557256071e-14
1.223830739428068778e-14
1.206899284596683107e-14
1.190344968655104553e-14
1.174168113194450832e-14
1.158364730895539915e-14
1.142926637348815784e-14
1.127850016206667883e-14
1.113135307354521029e-14
1.098778728792682612e-14
1.084768222134904837e-14
1.071104373156189639e-14
1.057783608384436753e-14
1.044802400458175599e-14
1.032149110369266915e-14
1.019828540596077770e-14
1.007829222270194910e-14
9.961479266496284977e-15
9.847814657457630008e-15
9.737227151586877705e-15
9.629725829900011436e-15
9.525240626052973929e-15
9.423741815106441038e-15
9.325200303902617264e-15
9.229549617880521190e-15
9.136763235434177206e-15
9.046814950826991947e-15
8.959602446372689206e-15
8.875101262877533408e-15
8.793287228855968134e-15
8.714098804445130579e-15
8.637437996501277793e-15
8.563357687281123048e-15
8.491686927689149814e-15
8.422479463949684994e-15
8.355677602327288530e-15
8.291224600746938290e-15
8.229028258828823814e-15
8.169142876554646375e-15
8.111441339197345544e-15
8.055942315024921778e-15
8.002556871831481983e-15
7.951304237709391368e-15
7.902097053194073445e-15
7.854884684681657840e-15
7.809687401488242674e-15
7.766420374693186377e-15
7.725034959260778873e-15
7.685517856600462982e-15
7.647752773862954005e-15
7.611796585935127724e-15
7.577500653149813964e-15
7.544854610717048016e-15
7.513848201244179526e-15
7.484404093852503942e-15
7.456546606230990488e-15
7.430166406719832395e-15
7.405288606518451862e-15
7.381871832214534360e-15
7.359875393873198217e-15
7.339259273539353232e-15
7.320016642275984394e-15
7.302075968708192598e-15
7.285399186223935605e-15
7.269916766725718623e-15
7.255624265411763475e-15
7.242453661822757103e-15
7.230369759458968455e-15
7.219337941158690591e-15
7.209324158985495106e-15
7.200357396284675557e-15
7.192372783714095244e-15
7.185337513731601373e-15
7.179248560435320583e-15
7.174096629957564190e-15
7.169779332639897424e-15
7.166287285348109757e-15
7.163550664337898092e-15
7.161530980387150900e-15
7.160190381480430045e-15
7.159461753593260106e-15
7.159279118166183972e-15
7.159696130339660501e-15
7.160588484973828889e-15
7.162039611324435918e-15
7.163926749532193875e-15
7.166333073149864870e-15
7.169137334232679002e-15
7.172393568906057322e-15
7.176039876544056157e-15
7.180015390788770490e-15
7.184317271466416352e-15
7.188885945291949425e-15
7.193662833897814301e-15
7.198646624977115294e-15
7.203779970782527621e-15
7.209062294702672824e-15
7.214465235591899627e-15
7.219988576281341506e-15
7.225576986193008459e-15
7.231258382431291578e-15
7.237032889745698314e-15
7.242818988076913116e-15
7.248672015964108662e-15
7.254484466123062106e-15
7.260284997123830100e-15
7.266021502773870230e-15
7.271642741127439477e-15
7.277177962334368815e-15
7.282576634945320022e-15
7.287815395378742576e-15
7.292923720535505907e-15
7.297852275139930153e-15
7.302604559291822946e-15
7.307184032907734798e-15
7.311594116416467795e-15
7.315812496457197664e-15
7.319817235852988586e-15
7.323612256249793404e-15
7.327150662656221509e-15
7.330436898422931977e-15
7.333450172810824257e-15
7.336170046734644626e-15
7.338575034238683287e-15
7.340663345692436700e-15
7.342407075022750613e-15
7.343803465933087659e-15
7.344874416655754912e-15
7.345568026082096601e-15
7.345906416799383186e-15
7.345862786486252705e-15
7.345410773480135059e-15
7.344596778201756125e-15
7.343346420558280366e-15
7.341706107415159042e-15
7.339626229781067037e-15
7.337105439625512595e-15
7.334142429376294275e-15
7.330735930495883113e-15
7.326861250370717958e-15
7.322494094276588167e-15
7.317657121612211989e-15
7.312303085554738382e-15
7.306454788897155254e-15
7.300088673279991451e-15
7.293181555540262860e-15
7.285779140517089636e-15
7.277835442824500673e-15
7.269395854377376649e-15
7.260437352321599286e-15
7.250959769391753368e-15
7.240962953456737494e-15
7.230469092687043548e-15
7.219433327216355242e-15
7.207900114852293898e-15
7.195847032453964948e-15
7.183252001674895823e-15
7.170159016693883077e-15
7.156524109684634540e-15
7.142390968175726327e-15
7.127737639190285324e-15
7.112585677982921183e-15
7.096891808055103378e-15
7.080720540508832946e-15
7.064050049569650411e-15
7.046858838048475365e-15
7.029189310733741088e-15
7.011041030706848797e-15
6.992392537672217752e-15
6.973264614827074582e-15
6.953656867137331892e-15
6.933568913961829637e-15
6.913000389081180618e-15
6.891992247017491834e-15
6.870502486829203827e-15
6.848571748516888304e-15
6.826219661142489084e-15
6.803424856773380154e-15
6.780186571026489537e-15
6.756564707040915123e-15
6.732517602906026737e-15
6.708064413825032287e-15
6.683204031106999313e-15
6.657975228073205108e-15
6.632336804033701984e-15
6.606327300520036731e-15
6.579965005042653334e-15
6.553209010945994921e-15
6.526097310149019546e-15
6.498647858659279212e-15
6.470839485343795189e-15
6.442690068521183756e-15
6.414197938468906529e-15
6.385380692930990910e-15
6.356255690553230968e-15
6.326820950333663267e-15
6.297074523828038617e-15
6.267071407431913055e-15
6.236771313674319577e-15
6.206228714166420254e-15
6.175422232677311934e-15
6.144368209214844785e-15
6.113082760696548229e-15
6.081581783511575847e-15
6.049862438282134301e-15
6.017921923760190924e-15
5.985794258502880651e-15
5.953476338468307165e-15
5.920965099174579083e-15
5.888275718776044722e-15
5.855441308193372160e-15
5.822422203036703541e-15
5.789269367414179836e-15
5.755979196817909693e-15
5.722548129033720542e-15
5.688990481077105243e-15
5.655302593201901749e-15
5.621516283749764094e-15
5.587627620015548521e-15
5.553632713484600354e-15
5.519545260094100448e-15
5.485378764856503273e-15
5.451129119967980975e-15
5.416827905258923562e-15
5.382440663627907239e-15
5.348037796570943551e-15
5.313585599343315531e-15
5.279102214219113422e-15
5.244622615903475232e-15
5.210130233803351724e-15
5.175659611384444818e-15
5.141227915484539375e-15
5.106801502910443737e-15
5.072447977188249060e-15
5.038133560697325267e-15
5.003874985335954250e-15
4.969722034034510231e-15
4.935624321100326395e-15
4.901647823837499742e-15
4.867775265924352944e-15
4.834022433138045257e-15
4.800388525911408238e-15
4.766889064263210037e-15
4.733555625918207614e-15
4.700370730528196178e-15
4.667333274491970674e-15
4.634474381003613051e-15
4.601792648707749295e-15
4.569302693381812608e-15
4.536987022221745619e-15
4.504891981872528755e-15
4.472984044012797792e-15
4.441293319312664928e-15
4.409818019259429903e-15
4.378556370458315328e-15
4.347537927241622432e-15
4.316745044161544878e-15
4.286191406086972310e-15
4.255890519517664926e-15
4.225840254567772072e-15
4.196038501182838271e-15
4.166498532926096145e-15
4.137218135487738641e-15
4.108210383741977169e-15
4.079457742162534220e-15
4.051003580018452149e-15
4.022799964472641572e-15
3.994890026178434847e-15
3.967271257931574406e-15
3.939926189933450908e-15
3.912867441438228015e-15
3.886092575573854039e-15
3.859628875789894480e-15
3.833444805124831863e-15
3.807556402941866379e-15
3.781980234537382710e-15
3.756717988001223288e-15
3.731785946048983629e-15
3.707156450030642436e-15
3.682860305723536909e-15
3.658898957344419417e-15
3.635273823144430832e-15
3.611986295689302344e-15
3.589037742145473732e-15
3.566443820134020101e-15
3.544191445113959089e-15
3.522296139952510936e-15
3.500759045635328740e-15
3.479567136220019124e-15
3.458735736608213504e-15
3.438279979936452456e-15
3.418172756528721698e-15
3.398443174800237422e-15
3.379078185249895364e-15
3.360078777669865601e-15
3.341445921827361023e-15
3.323180567899678340e-15
3.305297416777925202e-15
3.287783529600363170e-15
3.270639801047064416e-15
3.253853459703894332e-15
3.237452702124787861e-15
3.221424682577159410e-15
3.205756699295643506e-15
3.190449682075670992e-15
3.175517993839042816e-15
3.160962414538892215e-15
3.146756967838715606e-15
3.132915971446542496e-15
3.119440279448465935e-15
3.106330732218558486e-15
3.093588156916080603e-15
3.081200189875078768e-15
3.069167747537350735e-15
3.057491733567468821e-15
3.046173039310945974e-15
3.035199517500879367e-15
3.024585137755228644e-15
3.014291900469694854e-15
3.004359730236064872e-15
2.994750827261927546e-15
2.985492029206818062e-15
2.976558650046546581e-15
2.967951774549881602e-15
2.959659557345548269e-15
2.951695633317665587e-15
2.944060824673628727e-15
2.936718074628037956e-15
2.929706274977016451e-15
2.922988565982037218e-15
2.916566056330513214e-15
2.910452326374610802e-15
2.904623466150644763e-15
2.899080659739489380e-15
2.893837457373178941e-15
2.888857891210225193e-15
2.884155628609188831e-15
2.879731913801573169e-15
2.875563501480026802e-15
2.871651817550710049e-15
2.867998274765106387e-15
2.864592135516215865e-15
2.861434887226518434e-15
2.858515933281510394e-15
2.855836833184172018e-15
2.853399131531666079e-15
2.851192387744783987e-15
2.849218215480012104e-15
2.847466308177474510e-15
2.845938346036751132e-15
2.844635992652204346e-15
2.843525474839697455e-15
2.842632262573949194e-15
2.841946322750339716e-15
2.841446022874119237e-15
2.841145002552283473e-15
2.841033461639912554e-15
2.841090092976627951e-15
2.841340155579636563e-15
2.841750876635458066e-15
2.842335922116511737e-15
2.843085832950822744e-15
2.843991253661204892e-15
2.845042931269629072e-15
2.846243111136534498e-15
2.847594016454763104e-15
2.849075176937542788e-15
2.850688954422971098e-15
2.852426412669246500e-15
2.854289958245642065e-15
2.856270759591752281e-15
2.858371266856885199e-15
2.860582751573748248e-15
2.862895997847450993e-15
2.865299564850937550e-15
2.867803689610873359e-15
2.870396429655387013e-15
2.873065972242985467e-15
2.875800633137975671e-15
2.878621705448354532e-15
2.881506577476710442e-15
2.884454664281369912e-15
2.887454527686189697e-15
2.890505689353239857e-15
2.893596873823255886e-15
2.896727707078648935e-15
2.899876323226555064e-15
2.903042534476518877e-15
2.906226160496332146e-15
2.909405695256029208e-15
2.912591778298588682e-15
2.915752499856973642e-15
2.918909205024754928e-15
2.922040799019296703e-15
2.925136939936616799e-15
2.928208402144266132e-15
2.931234431090948579e-15
2.934215387126366113e-15
2.937162053608867666e-15
2.940064321029388445e-15
2.942922556397380356e-15
2.945737128440938046e-15
2.948498093221526929e-15
2.951216189171424835e-15
2.953871265508805604e-15
2.956474087671433428e-15
2.959004688361015355e-15
2.961463674354424175e-15
2.963831335874040961e-15
2.966118562239898783e-15
2.968315924728154219e-15
2.970404013498220227e-15
2.972403838136803273e-15
2.974296081855529580e-15
2.976091638334443960e-15
2.977781336670099590e-15
2.979366054766255440e-15
2.980836735373287336e-15
2.982204222296670561e-15
2.983469373638466365e-15
2.984623186169743253e-15
2.985676407603959924e-15
2.986620069164925642e-15
2.987454609517647467e-15
2.988188370209938020e-15
2.988799952579233170e-15
2.989297294661586929e-15
2.989659204446125272e-15
2.989874359883055524e-15
2.989941187196094896e-15
2.989858128420379376e-15
2.989614052690155847e-15
2.989207503691792092e-15
2.988637039520414109e-15
2.987920267877968697e-15
2.987046140263925444e-15
2.986022658172823281e-15
2.984857744219150532e-15
2.983549818080927198e-15
2.982087912366575506e-15
2.980470544620217504e-15
2.978686890277671208e-15
2.976726229493145078e-15
2.974577946153065644e-15
2.972240814607519420e-15
2.969704355686299247e-15
2.966976676975436835e-15
2.964065807459436405e-15
2.960970500209756123e-15
2.957698695779304405e-15
2.954249104082873463e-15
2.950638710202727387e-15
2.946866115988151238e-15
2.942929935981335758e-15
2.938819731391744248e-15
2.934525162858348017e-15
2.930054034571691933e-15
2.925387072910547401e-15
2.920514167383037013e-15
2.915443219798939581e-15
2.910182056581344568e-15
2.904711683346656714e-15
2.899066650938322242e-15
2.893236816700059774e-15
2.887229837453797018e-15
2.881044465836950218e-15
2.874705895789604481e-15
2.868186346546214743e-15
2.861502140969800416e-15
2.854634455632437666e-15
2.847590824840437539e-15
2.840361297500753395e-15
2.832936014740483071e-15
2.825331232472661508e-15
2.817537219963543714e-15
2.809561612421619912e-15
2.801403366954525471e-15
2.793087203588395635e-15
2.784594784877714410e-15
2.775950666875118775e-15
2.767153599362958681e-15
2.758202340945152497e-15
2.749095658843414773e-15
2.739840794524476836e-15
2.730428026778971308e-15
2.720873001009879050e-15
2.711165993067105958e-15
2.701305752686649306e-15
2.691307774300337126e-15
2.681154009283490123e-15
2.670851560808828274e-15
2.660407462834528140e-15
2.649812097258525315e-15
2.639072475253229532e-15
2.628195539536440881e-15
2.617171695256183739e-15
2.606016078742769506e-15
2.594727289180784077e-15
2.583312112377942883e-15
2.571769107690904083e-15
2.560121266817743829e-15
2.548350753397426651e-15
2.536472305511447274e-15
2.524476264610299000e-15
2.512377257736500612e-15
2.500165626296257972e-15
2.487839825221929691e-15
2.475406331687345862e-15
2.462863564607896784e-15
2.450209952351072172e-15
2.437459850982552682e-15
2.424595718003903024e-15
2.411639780777438906e-15
2.398582440402190844e-15
2.385429955284320261e-15
2.372180653225758840e-15
2.358848578100685947e-15
2.345416303541532691e-15
2.331905642909106477e-15
2.318307010208665683e-15
2.304626466594626690e-15
2.290870015575320287e-15
2.277035855214346106e-15
2.263122557363336469e-15
2.249145573983889845e-15
2.235105182727467081e-15
2.221001655303504468e-15
2.206842920729214392e-15
2.192629188656286719e-15
2.178375922311065894e-15
2.164075608042036441e-15
2.149735986635877065e-15
2.135357148721659751e-15
2.120946743606585359e-15
2.106512350618815190e-15
2.092053950331530060e-15
2.077571520494941268e-15
2.063065036143545707e-15
2.048549430161144790e-15
2.034017110733079361e-15
2.019467996919882362e-15
2.004916868755004355e-15
1.990363544491120834e-15
1.975800441853763370e-15
1.961242191247521887e-15
1.946695926525080928e-15
1.932146663058967766e-15
1.917616220123745926e-15
1.903096947584258093e-15
1.888595866109927212e-15
1.874119933199913469e-15
1.859668771271522618e-15
1.845242003150426878e-15
1.830839252103990369e-15
1.816474593354148683e-15
1.802140348049667698e-15
1.787843289859697219e-15
1.773582952364863571e-15
1.759358870354122483e-15
1.745177728732500605e-15
1.731039019140063319e-15
1.716949353303112409e-15
1.702901077421316967e-15
1.688907864787743617e-15
1.674962050527989269e-15
1.661070148577702487e-15
1.647231571989473144e-15
1.633452764738732071e-15
1.619726086881449537e-15
1.606064956897203777e-15
1.592461725944174730e-15
1.578915776676827982e-15
1.565440404237217040e-15
1.552028282595715857e-15
1.538680318493007388e-15
1.525404631572657571e-15
1.512195478854822481e-15
1.499067810004605489e-15
1.486015845286915411e-15
1.473047558469925970e-15
1.460157177477426510e-15
1.447352626750883939e-15
1.434641763800978415e-15
1.422018787002832447e-15
1.409491506710748093e-15
1.397060899574749838e-15
1.384727933566134172e-15
1.372493568199799980e-15
1.360358754754422580e-15
1.348331148893225538e-15
1.336404945960192303e-15
1.324587758683810924e-15
1.312880466361631570e-15
1.301277284119064839e-15
1.289785762200519384e-15
1.278406759570508222e-15
1.267147745153150544e-15
1.255996319185975388e-15
1.244959952009920782e-15
1.234046053978590518e-15
1.223248851365217393e-15
1.212569167676382052e-15
1.202014356629273266e-15
1.191578668900040132e-15
1.181262912390236176e-15
1.171067890017944910e-15
1.161000882425403903e-15
1.151056174021947876e-15
1.141234553574098983e-15
1.131543248555372286e-15
1.121976569391755669e-15
1.112535291568483844e-15
1.103220186267118256e-15
1.094032020437148041e-15
1.084977935367613036e-15
1.076045919890868141e-15
1.067249472889413330e-15
1.058576626482185975e-15
1.050034493016636253e-15
1.041623815258751757e-15
1.033345332103997319e-15
1.025193489138717091e-15
1.017175332230774736e-15
1.009279075665983072e-15
1.001518099893146521e-15
9.938807388148628603e-16
9.863741022955997725e-16
9.789866019295356100e-16
9.717315526518149318e-16
9.645974060033681689e-16
9.575912403249799466e-16
9.507139146210774738e-16
9.439539766551983637e-16
9.373246313663222424e-16
9.308144656621126686e-16
9.244243924468782440e-16
9.181675294188285591e-16
9.120264290286779369e-16
9.060141874157535399e-16
9.001316623165243557e-16
8.943675929374225986e-16
8.887289444139354527e-16
8.832165963980950309e-16
8.778254025003084910e-16
8.725562686259962959e-16
8.673981000948013599e-16
8.623638363380971009e-16
8.574364455219772650e-16
8.526288457982777579e-16
8.479300520758504407e-16
8.433410468787470125e-16
8.388746644068718639e-16
8.345140582862555786e-16
8.302720419123735742e-16
8.261377569439401908e-16
8.221239617234773843e-16
8.182198345969165730e-16
8.144322196378166996e-16
8.107503657889651764e-16
8.071694450402810724e-16
8.037021475635617100e-16
8.003378101482688768e-16
7.970716582228731344e-16
7.939105420052791141e-16
7.908496998359144439e-16
7.878844098093783592e-16
7.850272671349635473e-16
7.822677812781796833e-16
7.796070195531869204e-16
7.770460444907107063e-16
7.745859138630609022e-16
7.722219762368892229e-16
7.699553124880268150e-16
7.677811005871065962e-16
7.656993711778682476e-16
7.637099435689815172e-16
7.618126416992333745e-16
7.599960144650850080e-16
7.582655879811058534e-16
7.566156128478599083e-16
7.550459940958282824e-16
7.535510433010047259e-16
7.521362914697612728e-16
7.507960785459888437e-16
7.495303557093282530e-16
7.483335221291901437e-16
7.472055666898649720e-16
7.461409467081441434e-16
7.451452118666761995e-16
7.442073317963649692e-16
7.433383747743288471e-16
7.425218632966944358e-16
7.417688595224167347e-16
7.410684549509958738e-16
7.404262118589978333e-16
7.398312965275968954e-16
7.392892842176135318e-16
7.387948468014763250e-16
7.383535414305972901e-16
7.379546503284689029e-16
7.376037423226640798e-16
7.372901712690034269e-16
7.370248987146460140e-16
7.367973191903449687e-16
7.366076308819338556e-16
7.364560319141105054e-16
7.363427202663257065e-16
7.362625613216187972e-16
7.362157819633953455e-16
7.362026085352576998e-16
7.362179637535643022e-16
7.362621018680771272e-16
7.363352762299404628e-16
7.364377392333764963e-16
7.365644780038509468e-16
7.367157717314713339e-16
7.368918983355727935e-16
7.370931344197877160e-16
7.373145293106901036e-16
7.375616018135344290e-16
7.378294173564053326e-16
7.381130777660128856e-16
7.384232849726612133e-16
7.387445661734053688e-16
7.390865900170173744e-16
7.394381123558332889e-16
7.398085727612974997e-16
7.401867782488573662e-16
7.405718807928125841e-16
7.409681614804007547e-16
7.413645306937376450e-16
7.417703956831693698e-16
7.421747163439280182e-16
7.425817896444432343e-16
7.429857285550106921e-16
7.433908236209665007e-16
7.437912178231506383e-16
7.441861456247605542e-16
7.445748470623974605e-16
7.449565676560742632e-16
7.453305583176519837e-16
7.456910618645372394e-16
7.460373665445097516e-16
7.463737610970482034e-16
7.466945302783384114e-16
7.469989770044598611e-16
7.472913777664413294e-16
7.475610980665802769e-16
7.478074809880542763e-16
7.480397588321175279e-16
7.482522967250046670e-16
7.484394990032028353e-16
7.486105577878791565e-16
7.487549690216573491e-16
7.488769987725823273e-16
7.489759918002636394e-16
7.490464147620120718e-16
7.490925183881058691e-16
7.491136578313682124e-16
7.491043355322561799e-16
7.490687861138371680e-16
7.490063741533296703e-16
7.489068062422831243e-16
7.487839695519580536e-16
7.486275846255658297e-16
7.484418575878724491e-16
7.482213698884381150e-16
7.479703157136386261e-16
7.476880780539263717e-16
7.473740421901062640e-16
7.470228322004461845e-16
7.466386176791754488e-16
7.462207902295819729e-16
7.457687148294583520e-16
7.452816443422482239e-16
7.447635281661584751e-16
7.442041438788253117e-16
7.436121608218950211e-16
7.429820927687900685e-16
7.423178681109792692e-16
7.416187040790762313e-16
7.408838207225428711e-16
7.401124408663572838e-16
7.393037900716601353e-16
7.384617459693782677e-16
7.375808741439476568e-16
7.366650416410870657e-16
7.357134608672268858e-16
7.347207294078612850e-16
7.336906984353990847e-16
7.326225883915789652e-16
7.315202162647138958e-16
7.303781982511264113e-16
7.292003410322259088e-16
7.279858523057610272e-16
7.267339425244112591e-16
7.254438248912226011e-16
7.241147153562833930e-16
7.227503719896321314e-16
7.213499931084855699e-16
7.199082559088795009e-16
7.184334200561185752e-16
7.169201607747641509e-16
7.153676878136977853e-16
7.137797072028382542e-16
7.121554116273627146e-16
7.104939967377963852e-16
7.087946611461636935e-16
7.070566064213246291e-16
7.052834927502221989e-16
7.034745051132198294e-16
7.016288315411050937e-16
6.997412298667269616e-16
6.978241939095348922e-16
6.958680394550186612e-16
6.938763776669900283e-16
6.918527931719718163e-16
6.897920517619538048e-16
6.876933406820362491e-16
6.855602317935681556e-16
6.833962707600833606e-16
6.811962432869522478e-16
6.789593270761281887e-16
6.766891796605638088e-16
6.743855830712493900e-16
6.720484422694026739e-16
6.696819912171071666e-16
6.672817861771778259e-16
6.648520432877956206e-16
6.623926390627037919e-16
6.599077505453122485e-16
6.573972296663477292e-16
6.548566389002240335e-16
6.522901292996632622e-16
6.497018221083582235e-16
6.470872753903844115e-16
6.444505934889415126e-16
6.417958513081649368e-16
6.391143572204951923e-16
6.364144293754409856e-16
6.336958652730223706e-16
6.309584613077215267e-16
6.281977948207421416e-16
6.254263140264966953e-16
6.226311582624130722e-16
6.198247324519892526e-16
6.169984059268820392e-16
6.141603365477715657e-16
6.113060963518935939e-16
6.084396240168965437e-16
6.055606672174479714e-16
6.026731295972637471e-16
5.997725879590944746e-16
5.968587887420413999e-16
5.939356143155939856e-16
5.910069199821286279e-16
5.880641656463939807e-16
5.851153293763530768e-16
5.821560073625899028e-16
5.791900283259951965e-16
5.762170984036289783e-16
5.732369240686161707e-16
5.702492121986088782e-16
5.672577466356951821e-16
5.642622155960738687e-16
5.612582446138056431e-16
5.582495998300771151e-16
5.552359717380214639e-16
5.522210955941875150e-16
5.492006069646275355e-16
5.461782302262055249e-16
5.431496161480927104e-16
5.401224965701567655e-16
5.370886393504523891e-16
5.340524091960068005e-16
5.310182745277430090e-16
5.279826898526007101e-16
5.249501039114777187e-16
5.219209569593790610e-16
5.188956860464431194e-16
5.158747250941608794e-16
5.128545441629541013e-16
5.098474535544934036e-16
5.068419958185527460e-16
5.038464958863358451e-16
5.008613543815454455e-16
4.978830397488817714e-16
4.949158893635275113e-16
4.919563789331900408e-16
4.890127393122540353e-16
4.860814351395282343e-16
4.831628520296238620e-16
4.802573732842577222e-16
4.773653799390544288e-16
4.744911311002819295e-16
4.716311109311023194e-16
4.687853071653646398e-16
4.659579561346451219e-16
4.631482550997671014e-16
4.603565616192693180e-16
4.575832313280605894e-16
4.548286179755666599e-16
4.520934566593427684e-16
4.493780956775739949e-16
4.466828815642240719e-16
4.440081591265641109e-16
4.413542714828963744e-16
4.387219403212976759e-16
4.361111240942031812e-16
4.335225401274542627e-16
4.309561449559585953e-16
4.284122738415785455e-16
4.258920151536164975e-16
4.233949443937749489e-16
4.209213925997379917e-16
4.184716894840713259e-16
4.160465384305828811e-16
4.136451417787373878e-16
4.112685765946018910e-16
4.089164212962276434e-16
4.065893757395922821e-16
4.042870202066399963e-16
4.020096815485753791e-16
3.997577143958016003e-16
3.975312167535505255e-16
3.953303158097048774e-16
3.931551391361692058e-16
3.910069207124600024e-16
3.888846796428271184e-16
3.867892799880098579e-16
3.847208479290376947e-16
3.826795102604680930e-16
3.806650285795059466e-16
3.786782632939488504e-16
3.767189768733724051e-16
3.747872989730676924e-16
3.728833600602524989e-16
3.710072914502991127e-16
3.691592253414805396e-16
3.673392948481087258e-16
3.655476340319370395e-16
3.637843779317148958e-16
3.620493022585450237e-16
3.603429055084056911e-16
3.586653258045994909e-16
3.570159849440675573e-16
3.553953846261984663e-16
3.538033102472338354e-16
3.522399075563697790e-16
3.507053234244043540e-16
3.491993498475890193e-16
3.477217821016175836e-16
3.462731286063620201e-16
3.448531879740735939e-16
3.434614082101115409e-16
3.420986560556951998e-16
3.407643838801808232e-16
3.394584016781809689e-16
3.381812261584759445e-16
3.369323193104035930e-16
3.357122005080758100e-16
3.345203375254369667e-16
3.333565530069429588e-16
3.322213709600692634e-16
3.311142684289542116e-16
3.300354237694854759e-16
3.289843210969407049e-16
3.279614907598144416e-16
3.269664222571979508e-16
3.259993021228846493e-16
3.250596266518638582e-16
3.241479320535686048e-16
3.232637197348208783e-16
3.224071113387635899e-16
3.215775963739724792e-16
3.207756257689302919e-16
3.199971974786834843e-16
3.192472259111209029e-16
3.185224032249468604e-16
3.178228523593868102e-16
3.171486972493682152e-16
3.164966632481221312e-16
3.158668911890136671e-16
3.152595227563391248e-16
3.146780850572120555e-16
3.141159472487370576e-16
3.135766429931116492e-16
3.130603171388725381e-16
3.125603856476167153e-16
3.120837441151718493e-16
3.116271844839178392e-16
3.111875189609736380e-16
3.107716154862191760e-16
3.103696018872938304e-16
3.099883422786021311e-16
3.096246705398493554e-16
3.092787662047378669e-16
3.089474883238494303e-16
3.086343478625598844e-16
3.083395255922606786e-16
3.080598961914073458e-16
3.077956555726579798e-16
3.075437030342080142e-16
3.073108336549939864e-16
3.070906551154589215e-16
3.068833786627923165e-16
3.066892157102044750e-16
3.065116509761679633e-16
3.063476135546115527e-16
3.061940515489113896e-16
3.060544500065991674e-16
3.059257665473411466e-16
3.058114768740136909e-16
3.057085479940216342e-16
3.056172058820781673e-16
3.055409121098098861e-16
3.054734164483412148e-16
3.054149584513023654e-16
3.053689992406420023e-16
3.053357640577887462e-16
3.053090527407374695e-16
3.052955335755734530e-16
3.052890241261838090e-16
3.052960856456140849e-16
3.053101145246837972e-16
3.053340271870939715e-16
3.053675391307227317e-16
3.054071876254647084e-16
3.054527065567713604e-16
3.055038320820627591e-16
3.055634697078099594e-16
3.056250212116940065e-16
3.056945590247428106e-16
3.057655070468159336e-16
3.058407745967992032e-16
3.059169655223276363e-16
3.059969839699110930e-16
3.060774463378078136e-16
3.061612514115284415e-16
3.062450278765400285e-16
3.063316689704421364e-16
3.064178154054364983e-16
3.065032408393388417e-16
3.065877203624435082e-16
3.066710304444036801e-16
3.067560496192978474e-16
3.068363511330208405e-16
3.069148203818633180e-16
3.069912388398112309e-16
3.070623057243146623e-16
3.071308967337797570e-16
3.071967965593484782e-16
3.072597908831199479e-16
3.073166001580452778e-16
3.073700866557815569e-16
3.074169811238075235e-16
3.074601389134906291e-16
3.074963008751417215e-16
3.075283153252370934e-16
3.075529330363553574e-16
3.075699587777311665e-16
3.075822301087098186e-16
3.075895403401935228e-16
3.075886595911383522e-16
3.075793948989579335e-16
3.075615537839175958e-16
3.075379554593075935e-16
3.075053887678885879e-16
3.074636625521761003e-16
3.074155848066607727e-16
3.073579580753592529e-16
3.072905923145493045e-16
3.072162841765833080e-16
3.071348043811545409e-16
3.070428360582568925e-16
3.069400264119415172e-16
3.068289937651304822e-16
3.067093753525762760e-16
3.065808095607193992e-16
3.064429359055508076e-16
3.062924413061735501e-16
3.061319292691187485e-16
3.059610425435424157e-16
3.057794249217032535e-16
3.055867212175901924e-16
3.053825772455753716e-16
3.051666397990591812e-16
3.049385566290818272e-16
3.047008979894346845e-16
3.044503839548099126e-16
3.041895786586117417e-16
3.039152119493393827e-16
3.036269360915155021e-16
3.033302076691737382e-16
3.030188613286558411e-16
3.026925517997227786e-16
3.023567144742306618e-16
3.020052100190485014e-16
3.016434596833302045e-16
3.012682195326758293e-16
3.008791363042087246e-16
3.004787278844725982e-16
3.000637641852294033e-16
2.996367567060231008e-16
2.991944844502316110e-16
2.987394524772303177e-16
2.982741510602533194e-16
2.977925138171217529e-16
2.972998795681882799e-16
2.967901984648192890e-16
2.962687951558865571e-16
2.957353002652061691e-16
2.951851026355600910e-16
2.946220877572149631e-16
2.940453237673487961e-16
2.934547274202976875e-16
2.928499331588022737e-16
2.922311377969819817e-16
2.915982550742419814e-16
2.909514779046836769e-16
2.902904370700625727e-16
2.896153227133652942e-16
2.889260434085638578e-16
2.882225467878964071e-16
2.875054959620710295e-16
2.867744771595989326e-16
2.860299100613588849e-16
2.852722106207308280e-16
2.845012373884137142e-16
2.837171246493551519e-16
2.829202805992526834e-16
2.821108340354503151e-16
2.812889115911940069e-16
2.804546377548696726e-16
2.796089588583672640e-16
2.787514433102673658e-16
2.778827560721574599e-16
2.770032835909551054e-16
2.761128624314108530e-16
2.752118743038707264e-16
2.743006975103904447e-16
2.733791627153239424e-16
2.724476436513463370e-16
2.715062393193861293e-16
2.705550468655387542e-16
2.695941616093499548e-16
2.686239474216838554e-16
2.676444949924219809e-16
2.666561629173375227e-16
2.656587680980660569e-16
2.646526650453499219e-16
2.636382052174050446e-16
2.626152005893858311e-16
2.615839987257174536e-16
2.605444091722189008e-16
2.594970429065643819e-16
2.584417061168617789e-16
2.573784714147151258e-16
2.563076761237435931e-16
2.552288573910270173e-16
2.541428810143564480e-16
2.530495468791659968e-16
2.519489197006606938e-16
2.508410629085523009e-16
2.497265668270316798e-16
2.486049628749908300e-16
2.474768375771176198e-16
2.463417213444152228e-16
2.452001970113917674e-16
2.440523188236079388e-16
2.428976158632979663e-16
2.417366656296732301e-16
2.405692577923964397e-16
2.393955012381786496e-16
2.382157347400820979e-16
2.370306126761913595e-16
2.358400053055421989e-16
2.346445619038137063e-16
2.334446683887900582e-16
2.322407080364013295e-16
2.310330615111751516e-16
2.298221068965260128e-16
2.286079617055127941e-16
2.273909999408280371e-16
2.261718504697890996e-16
2.249503672880591267e-16
2.237274313951155565e-16
2.225028932638437972e-16
2.212773717542069048e-16
2.200507149117169398e-16
2.188235372582256973e-16
2.175961946548788962e-16
2.163685312187276523e-16
2.151414091144112620e-16
2.139144152353214017e-16
2.126881532814729992e-16
2.114629700711681676e-16
2.102389571874919693e-16
2.090162054245680801e-16
2.077953097907181114e-16
2.065763576635983490e-16
2.053596875694105449e-16
2.041451330256085182e-16
2.029332818180872374e-16
2.017242167862252493e-16
2.005180201882904868e-16
1.993147737302274793e-16
1.981145585946916251e-16
1.969179547337310962e-16
1.957247911676718169e-16
1.945351467476980032e-16
1.933493486135603140e-16
1.921674739048956599e-16
1.909895994227504127e-16
1.898160494135877153e-16
1.886466517147204049e-16
1.874817294248348832e-16
1.863213573606161326e-16
1.851653636374307626e-16
1.840143160640002490e-16
1.828680421593828368e-16
1.817263705748034833e-16
1.805901122504044800e-16
1.794586292665992571e-16
1.783323647124585965e-16
1.772115401458780499e-16
1.760963764235671027e-16
1.749870937298185126e-16
1.738836681497271484e-16
1.727865626667328481e-16
1.716957527618931036e-16
1.706114571065017190e-16
1.695338938288255254e-16
1.684632805382158400e-16
1.673998343483385217e-16
1.663435305524662488e-16
1.652945862356081029e-16
1.642532180479803239e-16
1.632196422245641691e-16
1.621938344488881426e-16
1.611760110703796667e-16
1.601661485109180525e-16
1.591644632914556581e-16
1.581711715948787717e-16
1.571862506030591216e-16
1.562099167457174747e-16
1.552421480610379173e-16
1.542831612649377835e-16
1.533331727902894382e-16
1.523919243714381164e-16
1.514598705729880078e-16
1.505369912732804943e-16
1.496232672604077151e-16
1.487189162850378010e-16
1.478239200925436524e-16
1.469382613452740052e-16
1.460623939933980909e-16
1.451960659111130622e-16
1.443392616545282217e-16
1.434924353476511942e-16
1.426553376303157157e-16
1.418281887132751080e-16
1.410109751185315473e-16
1.402036842885172703e-16
1.394065374842576037e-16
1.386195231340161963e-16
1.378428629181436507e-16
1.370763142017204394e-16
1.363200999341885110e-16
1.355742113649017650e-16
1.348386406580433483e-16
1.341136118184567819e-16
1.333988873489330493e-16
1.326946731407975947e-16
1.320010975521793770e-16
1.313175804418381076e-16
1.306446930317582748e-16
1.299818583991490632e-16
1.293289612643421695e-16
1.286863452157052079e-16
1.280536678107004706e-16
1.274310454742607516e-16
1.268181392324856437e-16
1.262150678717617294e-16
1.256214958742240961e-16
1.250377714357991650e-16
1.244635616637570564e-16
1.238987627142424218e-16
1.233432721856502701e-16
1.227972150841308343e-16
1.222604910705191547e-16
1.217327758130242337e-16
1.212141978056236079e-16
1.207046610002587099e-16
1.202040707707489967e-16
1.197123339075903492e-16
1.192295826956200687e-16
1.187555021229133715e-16
1.182902267441345617e-16
1.178336681561249645e-16
1.173859623576926064e-16
1.169465774089256704e-16
1.165156523183886513e-16
1.160935486121510248e-16
1.156795172623951460e-16
1.152739222139179473e-16
1.148766837640461472e-16
1.144877235215473395e-16
1.141069643925550381e-16
1.137343305656981559e-16
1.133699678792788378e-16
1.130138022567226352e-16
1.126655409957190972e-16
1.123253328550764947e-16
1.119933267524225909e-16
1.116690144991604233e-16
1.113529852618504015e-16
1.110445148456600802e-16
1.107441931257716393e-16
1.104517357764200346e-16
1.101668605776362210e-16
1.098899400055545252e-16
1.096209109507939733e-16
1.093596751449303518e-16
1.091059909709591842e-16
1.088597990561274900e-16
1.086208246972861916e-16
1.083890111267627838e-16
1.081638709434019093e-16
1.079453506368177603e-16
1.077331822720628039e-16
1.075275297289883841e-16
1.073276976588897811e-16
1.071338524778802776e-16
1.069455175786117872e-16
1.067626470563021269e-16
1.065851956827158985e-16
1.064129053834786174e-16
1.062457329627722881e-16
1.060832098262385614e-16
1.059252954603481621e-16
1.057721624213482220e-16
1.056231337748337789e-16
1.054785961431783322e-16
1.053380876046871310e-16
1.052013602119485007e-16
1.050688012949226267e-16
1.049397415051764313e-16
1.048141472253544411e-16
1.046921957924296063e-16
1.045734330613604356e-16
1.044578273305895662e-16
1.043453472624947103e-16
1.042357522971471736e-16
1.041290125105066986e-16
1.040248892114683276e-16
1.039233538317520549e-16
1.038241694911359842e-16
1.037277256575572156e-16
1.036335776397816327e-16
1.035416987030403104e-16
1.034520623611652096e-16
1.033646423657649825e-16
1.032794126954526460e-16
1.031961406098958383e-16
1.031148012212970854e-16
1.030351633729598401e-16
1.029576157086175535e-16
1.028815152087644268e-16
1.028070448537171616e-16
1.027343868245147819e-16
1.026629013648315444e-16
1.025931819428384639e-16
1.025247756971580960e-16
1.024577674389640815e-16
1.023920177143282003e-16
1.023271835544733723e-16
1.022631273850495561e-16
1.021999158448671868e-16
1.021372083563878957e-16
1.020748689847987647e-16
1.020127623057631063e-16
1.019509561122230126e-16
1.018891127596378534e-16
1.018270982442231246e-16
1.017649810329955731e-16
1.017024254779352750e-16
1.016397019785414355e-16
1.015764754327522771e-16
1.015126131318161844e-16
1.014481835992102077e-16
1.013830540987300148e-16
1.013170921928119241e-16
1.012501657223197368e-16
1.011821427864698414e-16
1.011130914870874398e-16
1.010426801664084298e-16
1.009711762103433357e-16
1.008980490307331176e-16
1.008235654619124159e-16
1.007475934087314504e-16
1.006698024878530734e-16
1.005904579108754317e-16
1.005092292834268898e-16
1.004261826879769960e-16
1.003411858574627794e-16
1.002543038894601963e-16
1.001652068641319213e-16
1.000741563784089003e-16
9.998101899146480209e-17
9.988546484716472999e-17
9.978775359319882099e-17
9.968775113791091111e-17
9.958512760705125661e-17
9.948014063526508027e-17
9.937265541769995431e-17
9.926234200442522330e-17
9.914945597740479337e-17
9.903366709842963811e-17
9.891522935363939364e-17
9.879381221040833866e-17
9.866966806040998656e-17
9.854246607661949797e-17
9.841246525008554020e-17
9.827956871342957474e-17
9.814368755372617802e-17
9.800492556990790492e-17
9.786338546177699565e-17
9.771897630474869733e-17
9.757160694177985631e-17
9.742137809453385829e-17
9.726819751738808933e-17
9.711216443062265054e-17
9.695318552522965121e-17
9.679135854719457784e-17
9.662658915006901065e-17
9.645897363293930909e-17
9.628860726606036448e-17
9.611539388053127370e-17
9.593942734167138014e-17
9.576061050790195859e-17
9.557903586433750759e-17
9.539460531905616585e-17
9.520740999954949469e-17
9.501754005027607811e-17
9.482470672017536925e-17
9.462899944833123188e-17
9.443069524971050398e-17
9.422950433175803017e-17
9.402551385872700066e-17
9.381881003735558995e-17
9.360947812087509747e-17
9.339722737886826855e-17
9.318251702093764828e-17
9.296505524299077893e-17
9.274492474029145193e-17
9.252202056611570323e-17
9.229642414447138114e-17
9.206821596023588187e-17
9.183710337954202768e-17
9.160335211854245111e-17
9.136666908926659467e-17
9.112731833967227774e-17
9.088519161165953052e-17
9.064018052219903317e-17
9.039254632596570094e-17
9.014199450520516037e-17
8.988860018300527553e-17
8.963243756027801444e-17
8.937357991990326147e-17
8.911154798307745179e-17
8.884678236795601606e-17
8.857898725447929432e-17
8.830825583772866188e-17
8.803476724427448177e-17
8.775835516685155890e-17
8.747940151993626077e-17
8.719792100164153725e-17
8.691410997832887248e-17
8.662779919718782219e-17
8.633936530472847976e-17
8.604863763836771815e-17
8.575617180184092741e-17
8.546143254075786757e-17
8.516497314912660014e-17
8.486680123344362950e-17
8.456692386749778563e-17
8.426534760682480608e-17
8.396207850370417335e-17
8.365748244291180993e-17
8.335156336044478469e-17
8.304414496572103060e-17
8.273559004990830295e-17
8.242590066779764059e-17
8.211489927605518335e-17
8.180294573903614748e-17
8.148986157669762929e-17
8.117600460663662886e-17
8.086119548707202491e-17
8.054561182145648373e-17
8.022925210667088160e-17
7.991211456752023659e-17
7.959419717393727342e-17
7.927585263593410586e-17
7.895690003262320338e-17
7.863733610682828413e-17
7.831715741400090118e-17
7.799653707436735487e-17
7.767564730184268323e-17
7.735413033424715523e-17
7.703233448068144243e-17
7.671007847564750518e-17
7.638753330519183746e-17
7.606469350587537234e-17
7.574172897037209861e-17
7.541845829268065104e-17
7.509487581542426857e-17
7.477115071324985225e-17
7.444727669506864616e-17
7.412324744424621173e-17
7.379905662651279203e-17
7.347469789733879148e-17
7.315033886670291488e-17
7.282563930814283116e-17
7.250101158545811787e-17
7.217636027557828829e-17
7.185193680438697271e-17
7.152764544776384028e-17
7.120373661407420600e-17
7.088011430118838952e-17
7.055685542183756943e-17
7.023438122507698431e-17
6.991242264871812242e-17
6.959105570087433793e-17
6.927052788019816255e-17
6.895074247718315298e-17
6.863177464390265930e-17
6.831387050232913448e-17
6.799693306078474328e-17
6.768103666794914053e-17
6.736625541716737825e-17
6.705283368444090836e-17
6.674050383357206858e-17
6.642950994340357239e-17
6.611992515806043947e-17
6.581165258162332866e-17
6.550510475375436636e-17
6.519984525356285347e-17
6.489611675896914979e-17
6.459416106211094181e-17
6.429371225295950795e-17
6.399501196737179381e-17
6.369813239760050077e-17
6.340297717908052323e-17
6.310945051795503065e-17
6.281796141194671013e-17
6.252824577654637762e-17
6.224054399530179818e-17
6.195476057848673380e-17
6.167096803942489654e-17
6.138923883676958344e-17
6.110947835507004184e-17
6.083175949837854635e-17
6.055615515277000812e-17
6.028273819889960500e-17
6.001158152436731347e-17
5.974242568712591975e-17
5.947551065300525421e-17
5.921090991189623108e-17
5.894853134276117476e-17
5.868844905983666390e-17
5.843057192537594540e-17
5.817497471380129634e-17
5.792189448696791337e-17
5.767106216369883576e-17
5.742253668932700783e-17
5.717637718730868715e-17
5.693264296543348092e-17
5.669122937915307234e-17
5.645219662371706975e-17
5.621560509152946687e-17
5.598135173553028204e-17
5.574949785240731247e-17
5.552010494231161887e-17
5.529290842995739380e-17
5.506829716987001155e-17
5.484600765931747730e-17
5.462594056705675239e-17
5.440848485403091702e-17
5.419337910857036510e-17
5.398052558142553172e-17
5.377031331939981442e-17
5.356232114919278654e-17
5.335677666685617259e-17
5.315374549811803621e-17
5.295297078774217501e-17
5.275468064369111217e-17
5.255894168015588331e-17
5.236549899184052476e-17
5.217442047257006322e-17
5.198577415669081602e-17
5.179946786341062579e-17
5.161573056481303697e-17
5.143431062917121169e-17
5.125543742911962911e-17
5.107902039467437103e-17
5.090496970557861270e-17
5.073351504856134296e-17
5.056440789658029942e-17
5.039787827982141892e-17
5.023383786889042537e-17
5.007219905462910120e-17
4.991319210753947956e-17
4.975672988666899795e-17
4.960272595798251790e-17
4.945109458971755508e-17
4.930222458959489333e-17
4.915571461582814873e-17
4.901195344006423547e-17
4.887069873702714863e-17
4.873186681745595125e-17
4.859584615304267082e-17
4.846223900892289076e-17
4.833142075399756522e-17
4.820308667824708135e-17
4.807723367165707904e-17
4.795385899235335117e-17
4.783296026640128196e-17
4.771437942408009978e-17
4.759795938509692973e-17
4.748385556195684876e-17
4.737191191581922620e-17
4.726212883552929934e-17
4.715435178481752475e-17
4.704858234178742911e-17
4.694466746464122888e-17
4.684276473907420553e-17
4.674272214668338071e-17
4.664438863804207172e-17
4.654807722723073363e-17
4.645332898501257230e-17
4.636045746532520666e-17
4.626915970799063258e-17
4.617959557640283217e-17
4.609177105158025913e-17
4.600538553559506531e-17
4.592059986502660678e-17
4.583742143220469938e-17
4.575555193759760696e-17
4.567515312824205903e-17
4.559623373806010119e-17
4.551865023359708534e-17
4.544241234814636062e-17
4.536768231986024364e-17
4.529416574733758506e-17
4.522187355853441086e-17
4.515096870458043570e-17
4.508131045783976584e-17
4.501291038975338568e-17
4.494562891178175157e-17
4.487962961248754359e-17
4.481477354428246617e-17
4.475107341150945910e-17
4.468839130014397294e-17
4.462689123512926571e-17
4.456658630197731240e-17
4.450733937213419727e-17
4.444931433286666188e-17
4.439237451559255582e-17
4.433638390297585195e-17
4.428165630401974578e-17
4.422805564744309731e-17
4.417559591370503547e-17
4.412413162857527730e-17
4.407377555639012794e-17
4.402433191108143281e-17
4.397575456805737656e-17
4.392799761644124031e-17
4.388116391660498645e-17
4.383491067864229397e-17
4.378948956796791127e-17
4.374455873774465947e-17
4.370036962690060641e-17
4.365658130033252697e-17
4.361344494461048026e-17
4.357062050921817390e-17
4.352821148873385426e-17
4.348632094768971819e-17
4.344461012024439035e-17
4.340318248482844870e-17
4.336214108025781621e-17
4.332114838537707293e-17
4.328045439634423637e-17
4.323986882776850266e-17
4.319920207936403801e-17
4.315870365447697538e-17
4.311818404285074948e-17
4.307774612965536864e-17
4.303705519241828562e-17
4.299636005593103758e-17
4.295547221496632592e-17
4.291449442823705029e-17
4.287338384058777130e-17
4.283209769994462569e-17
4.279059335515856833e-17
4.274882825365302593e-17
4.270675993884389051e-17
4.266463497521525693e-17
4.262197728217777123e-17
4.257903346340949070e-17
4.253590505066575120e-17
4.249226137011863057e-17
4.244820424700720214e-17
4.240369138997954386e-17
4.235868057318732898e-17
4.231327299271523056e-17
4.226742612615520003e-17
4.222095441164000009e-17
4.217410173149797769e-17
4.212668246506735889e-17
4.207865424505886854e-17
4.203011726868912010e-17
4.198088638735033552e-17
4.193106155135764577e-17
4.188060005188368257e-17
4.182945917537299050e-17
4.177759618950814836e-17
4.172511006720936647e-17
4.167181601159393369e-17
4.161795411085336221e-17
4.156319800942498218e-17
4.150792834212237661e-17
4.145181876061828321e-17
4.139510762391706702e-17
4.133760975568714839e-17
4.127942174628959182e-17
4.122035849940270835e-17
4.116065653383167170e-17
4.110013040716208810e-17
4.103887535330340768e-17
4.097670595893579502e-17
4.091385681242872785e-17
4.085000237822078125e-17
4.078551605476173242e-17
4.072007216749183572e-17
4.065376397348404070e-17
4.058682327070179190e-17
4.051878527664646908e-17
4.045002031688676217e-17
4.038034173717654831e-17
4.030984063283419600e-17
4.023846887776314178e-17
4.016603977738916487e-17
4.009278190285573239e-17
4.001850814883706408e-17
3.994330786549012668e-17
3.986713184418967526e-17
3.979006852478468133e-17
3.971206805584672694e-17
3.963294294427818771e-17
3.955291827042937508e-17
3.947194344689809916e-17
3.938996777983744568e-17
3.930694047389452597e-17
3.922294751672945199e-17
3.913780079048123924e-17
3.905172247509656003e-17
3.896452416030650764e-17
3.887615424072296111e-17
3.878669728430262619e-17
3.869610117136362545e-17
3.860444971305762767e-17
3.851155443500077258e-17
3.841750636982757972e-17
3.832229064168363160e-17
3.822603524150457659e-17
3.812859673463048769e-17
3.803023768888272184e-17
3.793067903972018252e-17
3.783018246326868340e-17
3.772873872856792275e-17
3.762620368505099881e-17
3.752283732072550885e-17
3.741849499261144808e-17
3.731330109322835325e-17
3.720724510286536189e-17
3.710031632316427887e-17
3.699250387755407857e-17
3.688393057500357559e-17
3.677458481224062556e-17
3.666445480851271709e-17
3.655352860504777306e-17
3.644192743501229343e-17
3.632950536506750878e-17
3.621651614860413795e-17
3.610281336954173084e-17
3.598851668144293975e-17
3.587361230858777085e-17
3.575808629291228932e-17
3.564192449319927271e-17
3.552511258441544451e-17
3.540776832869386360e-17
3.528987666828041729e-17
3.517129033284818212e-17
3.505225807691002014e-17
3.493263214317706316e-17
3.481252840956734720e-17
3.469179899953621554e-17
3.457055919206423267e-17
3.444892360938187095e-17
3.432661266392776250e-17
3.420387182208422652e-17
3.408068353364187808e-17
3.395689926080991113e-17
3.383263220202612798e-17
3.370786433868188490e-17
3.358244703723679342e-17
3.345662305172769951e-17
3.333037358903742929e-17
3.320354961748523977e-17
3.307613245603281848e-17
3.294823318951008840e-17
3.281983256883617704e-17
3.269091840650847965e-17
3.256150699875742244e-17
3.243162157845265494e-17
3.230141444514662746e-17
3.217077887527281489e-17
3.203973746687639314e-17
3.190844156371567226e-17
3.177678422021259283e-17
3.164491619487827376e-17
3.151285903212830909e-17
3.138050565529979538e-17
3.124800602264969324e-17
3.111538125847868971e-17
3.098265236668442687e-17
3.084971223232336720e-17
3.071683777727944277e-17
3.058392157568438506e-17
3.045098424015823255e-17
3.031791875953918107e-17
3.018500080849914525e-17
3.005212312906090437e-17
2.991930606931356321e-17
2.978669701603200043e-17
2.965406193279924142e-17
2.952167509786762822e-17
2.938930285855986643e-17
2.925721897225863409e-17
2.912531670377225877e-17
2.899348974909235912e-17
2.886201111207184661e-17
2.873077433520799132e-17
2.859979946231546784e-17
2.846898056819729598e-17
2.833858968350065690e-17
2.820839501219168447e-17
2.807866810411363589e-17
2.794917758327336215e-17
2.782006912807049570e-17
2.769123739392304391e-17
2.756295296707379346e-17
2.743486024402798249e-17
2.730722965978909427e-17
2.718008107048956978e-17
2.705330958847077664e-17
2.692693535681087882e-17
2.680097849273520105e-17
2.667545908652960679e-17
2.655039720061233564e-17
2.642581286880452573e-17
2.630172609583773960e-17
2.617815812570819035e-17
2.605501140151303807e-17
2.593231374799808608e-17
2.581021655146300556e-17
2.568850018205826250e-17
2.556743942674996935e-17
2.544693827944387119e-17
2.532702430315433857e-17
2.520760194477715473e-17
2.508882196877680849e-17
2.497071181260153701e-17
2.485317613529490743e-17
2.473612000062929984e-17
2.461981646470983689e-17
2.450417043894198944e-17
2.438920956611369020e-17
2.427483927798251655e-17
2.416108753291213591e-17
2.404810428341918069e-17
2.393579530237077892e-17
2.382418858645513710e-17
2.371331215967212048e-17
2.360319408090812355e-17
2.349374099865103557e-17
2.338498138470407037e-17
2.327706500750807082e-17
2.316977787478199742e-17
2.306326999819469374e-17
2.295757012254265552e-17
2.285270707902249546e-17
2.274858908322358060e-17
2.264524547645140999e-17
2.254258520752384351e-17
2.244087893376024186e-17
2.233991543836179253e-17
2.223984501203159452e-17
2.214057749665729598e-17
2.204214325406276468e-17
2.194457277719742814e-17
2.184789669271460696e-17
2.175202610537210380e-17
2.165711178080869471e-17
2.156306530670481725e-17
2.146991816978355026e-17
2.137770199317254644e-17
2.128632939811294798e-17
2.119595162078163511e-17
2.110648175357983402e-17
2.101807108336833134e-17
2.093051443795182918e-17
2.084395946113059058e-17
2.075841905172336662e-17
2.067366547669105412e-17
2.059006356868942048e-17
2.050726785563166168e-17
2.042540669526382156e-17
2.034449019779651523e-17
2.026441073123891740e-17
2.018517902382441797e-17
2.010692364556925064e-17
2.002953770411131178e-17
1.995291484376091616e-17
1.987718402201508888e-17
1.980235661301338341e-17
1.972832690806879473e-17
1.965510679198001160e-17
1.958270824205504365e-17
1.951114332162274484e-17
1.944030738779071913e-17
1.937032964523335667e-17
1.930110579468616418e-17
1.923264848685575216e-17
1.916508681551350200e-17
1.909820067617111013e-17
1.903211936925620379e-17
1.896673967502835709e-17
1.890219078856916507e-17
1.883836978070812132e-17
1.877540573532402647e-17
1.871308032304555720e-17
1.865152281302475450e-17
1.859074663307268767e-17
1.853076525598138572e-17
1.847147691119267353e-17
1.841289546347872909e-17
1.835503482869126591e-17
1.829802397134268305e-17
1.824164683230241442e-17
1.818603259416011905e-17
1.813119541264927418e-17
1.807703491211308363e-17
1.802368019129656740e-17
1.797103122463802781e-17
1.791910277031537182e-17
1.786790967532346515e-17
1.781758099424507007e-17
1.776790344091893413e-17
1.771900636845117338e-17
1.767079120310498792e-17
1.762338732144022216e-17
1.757680548755344812e-17
1.753092424085117542e-17
1.748573144104989610e-17
1.744121516603572057e-17
1.739747695692538168e-17
1.735427874844257378e-17
1.731183567070636391e-17
1.726991048388694242e-17
1.722871837379776975e-17
1.718802292066596676e-17
1.714792669085602868e-17
1.710830693315752725e-17
1.706926644152230572e-17
1.703068306527418509e-17
1.699265980748989295e-17
1.695518728896832142e-17
1.691803211781102540e-17
1.688140985158952551e-17
1.684531164015484685e-17
1.680950516321687018e-17
1.677420588794332361e-17
1.673929378775252823e-17
1.670487240744128592e-17
1.667071071916522291e-17
1.663702393296513247e-17
1.660369285173034117e-17
1.657059873802309821e-17
1.653795649335568632e-17
1.650564742080219554e-17
1.647377500134283924e-17
1.644211002782938057e-17
1.641075613790769784e-17
1.637970601299228887e-17
1.634895233787739965e-17
1.631859820317784974e-17
1.628841534961763803e-17
1.625850691509448925e-17
1.622897563077201536e-17
1.619970372581216982e-17
1.617057374459347185e-17
1.614179811785501121e-17
1.611336893738701353e-17
1.608505886956696537e-17
1.605707957489094823e-17
1.602931341900823351e-17
1.600186185183351436e-17
1.597460724880308041e-17
1.594754148052126765e-17
1.592076545592961680e-17
1.589416155512190464e-17
1.586771984529530785e-17
1.584164189028886611e-17
1.581558311053751796e-17
1.578985201419451794e-17
1.576421305464747896e-17
1.573875685120521859e-17
1.571346522264323521e-17
1.568821164434384483e-17
1.566319460268388737e-17
1.563817931038633647e-17
1.561336387068216692e-17
1.558851384665958021e-17
1.556382698948241440e-17
1.553917701951993031e-17
1.551454572526467367e-17
1.549002252453120353e-17
1.546548149861981123e-17
1.544101197231525936e-17
1.541648830477782904e-17
1.539210700005758490e-17
1.536763530156577270e-17
1.534316243230712538e-17
1.531877733928395945e-17
1.529424803028031599e-17
1.526977051101617596e-17
1.524522003138206608e-17
1.522057891066222660e-17
1.519593609879360128e-17
1.517127383814507464e-17
1.514646810196275461e-17
1.512160785540587948e-17
1.509667561533735573e-17
1.507165398471139553e-17
1.504663166151162262e-17
1.502137929323836964e-17
1.499609165100309522e-17
1.497064561629729012e-17
1.494512980485081573e-17
1.491942137401946082e-17
1.489360885005743531e-17
1.486767503408520188e-17
1.484160274378750569e-17
1.481526956828489110e-17
1.478886887756142704e-17
1.476238321094928999e-17
1.473558512547639431e-17
1.470877227153589341e-17
1.468171719217862409e-17
1.465440248456429158e-17
1.462701993072901180e-17
1.459934426774001590e-17
1.457157634637942775e-17
1.454350059732934131e-17
1.451531913651688177e-17
1.448692059972108371e-17
1.445840202182611631e-17
1.442975586492833301e-17
1.440087043428252010e-17
1.437173803176564937e-17
1.434255831119789714e-17
1.431321892834285537e-17
1.428360765042073563e-17
1.425402648033007531e-17
1.422415549356007654e-17
1.419419236326000869e-17
1.416402402032977765e-17
1.413374389614378463e-17
1.410334174974976193e-17
1.407280712044359963e-17
1.404202638736747827e-17
1.401119464440882359e-17
1.398019778134397492e-17
1.394902452776274840e-17
1.391766343374419773e-17
1.388620541177698159e-17
1.385453599109736637e-17
1.382274561944242013e-17
1.379082200178009764e-17
1.375875272811418266e-17
1.372642317038443445e-17
1.369402505101046537e-17
1.366144350452470115e-17
1.362866581131499954e-17
1.359567921298553749e-17
1.356257263516012810e-17
1.352933304263985033e-17
1.349584586375278945e-17
1.346219979959146697e-17
1.342828049882164434e-17
1.339417658334434782e-17
1.335997641053187786e-17
1.332546467503938184e-17
1.329072997146812025e-17
1.325581017499785689e-17
1.322065229529196343e-17
1.318527414846654885e-17
1.314965327427279431e-17
1.311379755809878056e-17
1.307768477024119888e-17
1.304132298262514869e-17
1.300470318265819566e-17
1.296783825151021398e-17
1.293073401919056420e-17
1.289340639004532857e-17
1.285587128813826631e-17
1.281812464829084254e-17
1.278020244589977922e-17
1.274210064729141812e-17
1
