0
0
1.367927161163000085e-10
1.295936082005999876e-10
1.227531671062000018e-10
1.176267112655999979e-10
1.141177129282000061e-10
1.118389019784999970e-10
1.105234360920999982e-10
1.099310049778000044e-10
1.098300610031000015e-10
1.101701944421000052e-10
1.107964370880999951e-10
1.116612967172999988e-10
1.127247682314999997e-10
1.139687468273000060e-10
1.153152715045000012e-10
1.167986657848999976e-10
1.183543725015999976e-10
1.199939284221999994e-10
1.217118089364000113e-10
1.235077383648999947e-10
1.253532673136999926e-10
1.272552211495000058e-10
1.292101349256999936e-10
1.312176491700999932e-10
1.332632927904000017e-10
1.353446709207999989e-10
1.374541872754999939e-10
1.396006459727999873e-10
1