0
0
1.367927161163000085e-10
1.295936082005999876e-10
1.227531671062000018e-10
1.176267112655999979e-10
1.141177129282000061e-10
1.118389019784999970e-10
1.105234360920999982e-10
1.099310049778000044e-10
1.098300610031000015e-10
1.101701944421000052e-10
1.107964370880999951e-10
1.116612967172999988e-10
1.127247682314999997e-10
1.139687468273000060e-10
1.153152715045000012e-10
1.167986657848999976e-10
1.183543725015999976e-10
1.199939284221999994e-10
1.217118089364000113e-10
1.235077383648999947e-10
1.253532673136999926e-10
1.272552211495000058e-10
1.292101349256999936e-10
1.312176491700999932e-10
1.332632927904000017e-10
1.353446709207999989e-10
1.374541872754999939e-10
1.396006459727999873e-10
1.417864029129000079e-10
1.440033803645999980e-10
1.462548470255000126e-10
1.485391401537000124e-10
1.508475737691000121e-10
1.531816410555000113e-10
1.555400850522999974e-10
1.579175393202000030e-10
1.603184929642999942e-10
1.627468032124999881e-10
1.652012547754000067e-10
1.676779232046999880e-10
1.701795100704999983e-10
1.727081226089999958e-10
1.752622811790999984e-10
1.778387631202000123e-10
1.804396147484000048e-10
1.830666415345000078e-10
1.857191797735999921e-10
1.883938736124000014e-10
1.910867166882000011e-10
1.938003476728999954e-10
1.965383495986000011e-10
1.993030446816000030e-10
2.020953779186999973e-10
2.049155153462000092e-10
2.077650795252000089e-10
2.106452655091000092e-10
2.135560882047999942e-10
2.164962938133999915e-10
2.194632712704999950e-10
2.224542852653999980e-10
2.254706990605000101e-10
2.285145466920999975e-10
2.315872493295000107e-10
2.346895686484000009e-10
2.378215602038000176e-10
2.409825268034999846e-10
2.441716434998999796e-10
2.473900838477000047e-10
2.506392426991000071e-10
2.539200737835000194e-10
2.572330602572999923e-10
2.605781852546000137e-10
2.639549024366999777e-10
2.673621065428000108e-10
2.707987026781999801e-10
2.742654991306000245e-10
2.777636078171000213e-10
2.812938592723999883e-10
2.848567854766999844e-10
2.884526026829999938e-10
2.920811942455000121e-10
2.957420934471000046e-10
2.994347730860999917e-10
3.031596070135000036e-10
3.069170372547000005e-10
3.107072695841999776e-10
3.145302615083000183e-10
3.183857102490000184e-10
3.222730407269000199e-10
3.261913935450999872e-10
3.301396129723000085e-10
3.341165990927999842e-10
3.381224509420000253e-10
3.421574738809000151e-10
3.462218238253000109e-10
3.503155002277000221e-10
3.544383390595999887e-10
3.585900057938000191e-10
3.627699883867000064e-10
3.669775902604999840e-10
3.712119232854000155e-10
3.754719007620000033e-10
3.797564666639000236e-10
3.840653337505999848e-10
3.883983325439000144e-10
3.927551796031000067e-10
3.971354731037000165e-10
4.015386884153999794e-10
4.059641736811999959e-10
4.104111453954999855e-10
4.148786839826999918e-10
4.193657293759999929e-10
4.238710765953999842e-10
4.283933713268000034e-10
4.329313009649999909e-10
4.374842035482999785e-10
4.420515249004000187e-10
4.466326271265999775e-10
4.512267859203000056e-10
4.558331878693999908e-10
4.604509277637000023e-10
4.650790059013000010e-10
4.697163253953999576e-10
4.743616894810999700e-10
4.790137988222000197e-10
4.836712488179000001e-10
4.883325269095999901e-10
4.929961650088999786e-10
4.976612214077999555e-10
5.023268468907000320e-10
5.069921327853000332e-10
5.116561093782999540e-10
5.163177443331000204e-10
5.209759411058999496e-10
5.256295373628000299e-10
5.302773033964999830e-10
5.349179405428000274e-10
5.395500795978999642e-10
5.441722792345999735e-10
5.487830244194000398e-10
5.533807248289999808e-10
5.579637132674999957e-10
5.625303804646999946e-10
5.670795977934000182e-10
5.716103334108000282e-10
5.761215188263999938e-10
5.806120481024999484e-10
5.850807770544999708e-10
5.895265224517999769e-10
5.939480612181999964e-10
5.983441296326999791e-10
6.027134225295000268e-10
6.070545924992000372e-10
6.113662490890999962e-10
6.156469580034999594e-10
6.198952403047000356e-10
6.241095716135000290e-10
6.282883813092999677e-10
6.324300517314000424e-10
6.365330281445000144e-10
6.405961612438000508e-10
6.446183935521000348e-10
6.485986510907999694e-10
6.525358430896000107e-10
6.564288616973000313e-10
6.602765816918000239e-10
6.640778601900999873e-10
6.678315363586999617e-10
6.715364311236000185e-10
6.751913468805000141e-10
6.787950672053000243e-10
6.823463565637999638e-10
6.858439600222000204e-10
6.892866029572000100e-10
6.926729907660999722e-10
6.960018085772999839e-10
6.992717209599000005e-10
7.024813716345000398e-10
7.056294723796999696e-10
7.087150782617999999e-10
7.117373337770999909e-10
7.146953856595999626e-10
7.175883829198000357e-10
7.204154768833999731e-10
7.231758212297999914e-10
7.258685720309999630e-10
7.284928877903999771e-10
7.310479294813999993e-10
7.335328605860000483e-10
7.359468471337000180e-10
7.382890577403000322e-10
7.405586636462000443e-10
7.427548387555000440e-10
7.448767596747000131e-10
7.469236057512999982e-10
7.488945591122999915e-10
7.507888047033000348e-10
7.526055303271999678e-10
7.543439266824999582e-10
7.560032455587999557e-10
7.575829789736999768e-10
7.590826929213000214e-10
7.605019705749000357e-10
7.618404124981000228e-10
7.630976368549999752e-10
7.642732796211000147e-10
7.653669947935999997e-10
7.663784546021999907e-10
7.673073497196000344e-10
7.681533894721000381e-10
7.689163020504000278e-10
7.695958347197999766e-10
7.701917540311000487e-10
7.707038460311999558e-10
7.711319164735999832e-10
7.714757910289000505e-10
7.717353154956999557e-10
7.719103560108000307e-10
7.720007992601000408e-10
7.720065526892999749e-10
7.719275447139000059e-10
7.717637249304999529e-10
7.715150845682999846e-10
7.711817188692999670e-10
7.707637691268999820e-10
7.702614030627000320e-10
7.696748150850999639e-10
7.690042265482999556e-10
7.682498860105999660e-10
7.674120694939000455e-10
7.664910807419000079e-10
7.654872514792999903e-10
7.644009416701000081e-10
7.632325397770999537e-10
7.619824630199000222e-10
7.606511576343999869e-10
7.592390991311999799e-10
7.577467925542000020e-10
7.561747727398999520e-10
7.545236045759999643e-10
7.527938832600000222e-10
7.509862345581000454e-10
7.491013150639999913e-10
7.471398124579000316e-10
7.451024457648999874e-10
7.429899656141000084e-10
7.408031544972999650e-10
7.385428270275000072e-10
7.362098025560999923e-10
7.338048207352000467e-10
7.313286215838999654e-10
7.287819728966000043e-10
7.261656704486000338e-10
7.234805382027999800e-10
7.207274285151000406e-10
7.179072223402000164e-10
7.150208294380999879e-10
7.120691885795000150e-10
7.090532677519000446e-10
7.059740643656000397e-10
7.028326054596000201e-10
6.996299479074000135e-10
6.963671786233000378e-10
6.930454147678000073e-10
6.896658039538000396e-10
6.862295244526999499e-10
6.827377854001000440e-10
6.791918270017000215e-10
6.755929207393000353e-10
6.719423695768999793e-10
6.682415081662999856e-10
6.644917030533000081e-10
6.606943528833999947e-10
6.568508886081999589e-10
6.529627736905000325e-10
6.490315043110999618e-10
6.450586095740999590e-10
6.410455705901999724e-10
6.369935726606000431e-10
6.329037406552000121e-10
6.287772190600000138e-10
6.246151720583000406e-10
6.204187836125000405e-10
6.161892575446999823e-10
6.119278176188000130e-10
6.076357076211000061e-10
6.033141914420999693e-10
5.989645531576000372e-10
5.945880971101000065e-10
5.901861479900000382e-10
5.857600509171999563e-10
5.813111715219000087e-10
5.768408960265000190e-10
5.723506313265000289e-10
5.678418050721000111e-10
5.633158657492999654e-10
5.587742827612999708e-10
5.542185465098000460e-10
5.496501684763000091e-10
5.450706813035000471e-10
5.404816388765999557e-10
5.358846164045000477e-10
5.312812105012999504e-10
5.266730392671999708e-10
5.220617423706000129e-10
5.174489811285999673e-10
5.128364385887000301e-10
5.082258196102000316e-10
5.036188509453000493e-10
4.990172813205000465e-10
4.944227625559000246e-10
4.898364866595999588e-10
4.852595320533999897e-10
4.806929809522000289e-10
4.761379192990000105e-10
4.715954367002999801e-10
4.670666263607999755e-10
4.625525850191000213e-10
4.580544128823000237e-10
4.535732135615999860e-10
4.491100940069000078e-10
4.446661644426000052e-10
4.402425383019999981e-10
4.358403321630999853e-10
4.314606656832999814e-10
4.271046615347000165e-10
4.227734453393999820e-10
4.184681456040999911e-10
4.141898936558999965e-10
4.099398235768999959e-10
4.057190721397999889e-10
4.015287787424999756e-10
3.973700853438000027e-10
3.932441363980999925e-10
3.891520787906000161e-10
3.850950617728999921e-10
3.810742368972999875e-10
3.770907579528999981e-10
3.731457808997000205e-10
3.692404638046999875e-10
3.653759667765000257e-10
3.615534519004000197e-10
3.577740831736999742e-10
3.540390264411000001e-10
3.503494493292000178e-10
3.467065211822000093e-10
3.431114129966000030e-10
3.395651963986000253e-10
3.360685360756000079e-10
3.326219844420000238e-10
3.292260812806999826e-10
3.258813535796999759e-10
3.225883153676999907e-10
3.193474675499000093e-10
3.161592977444000199e-10
3.130242801177000051e-10
3.099428752208999818e-10
3.069155298258000053e-10
3.039426767603000159e-10
3.010247347451000140e-10
2.981621082290000248e-10
2.953551872253000062e-10
2.926043471473999776e-10
2.899099486450999935e-10
2.872723374402999994e-10
2.846918441630999894e-10
2.821687841875000174e-10
2.797034574680000236e-10
2.772961483745000132e-10
2.749471255292999807e-10
2.726566416426000005e-10
2.704249333480999932e-10
2.682522210397000039e-10
2.661387087068999972e-10
2.640845837709000160e-10
2.620900169206999782e-10
2.601551619487999971e-10
2.582801555874999938e-10
2.564651173443000096e-10
2.547101493384999817e-10
2.530153361367999745e-10
2.513807445891000202e-10
2.498064236648999751e-10
2.482924042888000244e-10
2.468386991769000212e-10
2.454453026722999918e-10
2.441121742791000175e-10
2.428391889192999771e-10
2.416261844932000209e-10
2.404729778370000257e-10
2.393793645462999837e-10
2.383451187984999817e-10
2.373699931763000212e-10
2.364537184904999917e-10
2.355960036028000058e-10
2.347965352491999754e-10
2.340549778624999899e-10
2.333709733957999814e-10
2.327441411451000116e-10
2.321740775723999940e-10
2.316603561288999975e-10
2.312025270778000123e-10
2.308001173171000014e-10
2.304526302031000041e-10
2.301595453728999985e-10
2.299203185677000082e-10
2.297343814555999986e-10
2.296011414547999987e-10
2.295199815563999967e-10
2.294902601474999990e-10
2.295113108340999891e-10
2.295824422641000010e-10
2.297029379505999938e-10
2.298720560943000127e-10
2.300890294070999941e-10
2.303530649347000004e-10
2.306633438798000066e-10
2.310190214247999908e-10
2.314192265552000015e-10
2.318630618824000018e-10
2.323496034664999977e-10
2.328779006397000014e-10
2.334469758288999827e-10
2.340558243788999901e-10
2.347034143754999777e-10
2.353887691237999940e-10
2.361112180357000212e-10
2.368701539302000219e-10
2.376649510264999765e-10
2.384949648216999898e-10
2.393595319673999873e-10
2.402579701475000135e-10
2.411895779550999884e-10
2.421536347700999831e-10
2.431494006362999987e-10
2.441761161385999899e-10
2.452330022802999769e-10
2.463192603604999885e-10
2.474340718512999809e-10
2.485765982747000092e-10
2.497459810808000009e-10
2.509413415238000061e-10
2.521617805403999941e-10
2.534063786262999787e-10
2.546741957140999912e-10
2.559642710497999992e-10
2.572756230706999824e-10
2.586072492826000081e-10
2.599581261366999880e-10
2.613272089071000193e-10
2.627134315682000174e-10
2.641157066715999894e-10
2.655329252237999847e-10
2.669639565631999925e-10
2.684076482371999792e-10
2.698628258798999945e-10
2.713282930891000167e-10
2.728028313034999759e-10
2.742851996804000152e-10
2.757741349721000094e-10
2.772683514041999975e-10
2.787665405520999972e-10
2.802673712186000218e-10
2.817694893111999859e-10
2.832716589549999813e-10
2.847731909277999825e-10
2.862735273504000254e-10
2.877721016140999948e-10
2.892683383358000024e-10
2.907616533137999905e-10
2.922514534818999968e-10
2.937371368653000027e-10
2.952180925357999860e-10
2.966937005661000017e-10
2.981633319861000233e-10
2.996263487370999867e-10
3.010821036274999766e-10
3.025299402875999768e-10
3.039691931249999970e-10
3.053991872796999855e-10
3.068192385791000152e-10
3.082286534933000112e-10
3.096267290901999745e-10
3.110127529903999745e-10
3.123860033228999749e-10
3.137457486797000254e-10
3.150912480713000131e-10
3.164217508816000173e-10
3.177364968231999863e-10
3.190347158925000123e-10
3.203156283249000220e-10
3.215784445496999771e-10
3.228223651457000242e-10
3.240465807958000151e-10
3.252502722426000181e-10
3.264326102433999874e-10
3.275927555251999999e-10
3.287298587399999836e-10
3.298430604198999922e-10
3.309314909322999998e-10
3.319942704348999829e-10
3.330305088309000254e-10
3.340393057245000177e-10
3.350198809824999854e-10
3.359719706503999833e-10
3.368954423539000099e-10
3.377901657401999756e-10
3.386560124943000200e-10
3.394928563553000028e-10
3.403005731332000070e-10
3.410790407250000140e-10
3.418281391315999786e-10
3.425477504740000067e-10
3.432377590098000231e-10
3.438980511497999942e-10
3.445285154742999871e-10
3.451290427498000159e-10
3.456995259452000116e-10
3.462398602487999869e-10
3.467499430839999755e-10
3.472296741265000123e-10
3.476789553202999779e-10
3.480976908945999842e-10
3.484857873798000116e-10
3.488431536243999851e-10
3.491697008111000171e-10
3.494653424738000032e-10
3.497299945134999984e-10
3.499635752150999962e-10
3.501660052639999967e-10
3.503372077621000053e-10
3.504771082447999911e-10
3.505856346972000113e-10
3.506627175708000065e-10
3.507082897995000062e-10
3.507222868167000206e-10
3.507046465712999881e-10
3.506553095445000203e-10
3.505742187660999961e-10
3.504613198309000200e-10
3.503165609154999950e-10
3.501398927944000211e-10
3.499313299692000130e-10
3.496911358194999811e-10
3.494196424387000010e-10
3.491171900114000209e-10
3.487841268539000199e-10
3.484208094562999861e-10
3.480276025228999860e-10
3.476048790138000085e-10
3.471530201862999922e-10
3.466724156356000072e-10
3.461634633366000174e-10
3.456265696845000249e-10
3.450621495365999879e-10
3.444706262532000243e-10
3.438524317387000183e-10
3.432080064831999805e-10
3.425377996033999936e-10
3.418422688838000104e-10
3.411218808182000226e-10
3.403771106506999913e-10
3.396084424168000219e-10
3.388163689850999863e-10
3.380013920978999774e-10
3.371640224127999972e-10
3.363047795436999914e-10
3.354241921024000031e-10
3.345227977392999921e-10
3.336011431849000031e-10
3.326597842910000161e-10
3.316992860721000256e-10
3.307202227459999780e-10
3.297231777756999852e-10
3.287087439103000111e-10
3.276775232261999810e-10
3.266301271683999781e-10
3.255671765916000053e-10
3.244893018016999980e-10
3.233971425965000059e-10
3.222913483075000068e-10
3.211725519094000068e-10
3.200412915556000174e-10
3.188980871638000039e-10
3.177434662026999922e-10
3.165779637230000069e-10
3.154021223902999906e-10
3.142164925171000104e-10
3.130216320944000040e-10
3.118181068240999797e-10
3.106064901511000005e-10
3.093873632954000135e-10
3.081613152841000041e-10
3.069289429830999867e-10
3.056908511301000136e-10
3.044476523657999798e-10
3.031999672661999924e-10
3.019484243750000008e-10
3.006936602353999801e-10
2.994363194220999817e-10
2.981770545734999999e-10
2.969165264239999786e-10
2.956554038357000097e-10
2.943943638304000211e-10
2.931340916222999847e-10
2.918752806494999878e-10
2.906186326060000251e-10
2.893648574744999854e-10
2.881146735577000101e-10
2.868688075105999838e-10
2.856279943728999918e-10
2.843929776006000157e-10
2.831645090985999998e-10
2.819433492520000038e-10
2.807302669591999902e-10
2.795260396630000057e-10
2.783314533832999753e-10
2.771473027490000253e-10
2.759743910297999954e-10
2.748135301689999924e-10
2.736654588435000058e-10
2.725305944749000109e-10
2.714092754729000072e-10
2.703018426871999944e-10
2.692086394146000253e-10
2.681300114051999764e-10
2.670663068696000000e-10
2.660178764849999987e-10
2.649850734025000115e-10
2.639682532531999987e-10
2.629677741553999841e-10
2.619839967210999878e-10
2.610172840625000123e-10
2.600680017989000210e-10
2.591365180636000200e-10
2.582232035099000132e-10
2.573284313186999823e-10
2.564525772042999742e-10
2.555960194218999921e-10
2.547591387736999877e-10
2.539423186157000091e-10
2.531459448647999959e-10
2.523704060048999774e-10
2.516160930941000077e-10
2.508833997708999882e-10
2.501727222612999786e-10
2.494844593854999987e-10
2.488190125641999901e-10
2.481767858255999882e-10
2.475581858119999889e-10
2.469636217866999790e-10
2.463935056402000175e-10
2.458482518974000148e-10
2.453282777240999769e-10
2.448340029334999907e-10
2.443658499933000184e-10
2.439242440318999781e-10
2.435096128455999893e-10
2.431223869049000251e-10
2.427629176668999910e-10
2.424312305209999761e-10
2.421272664086000099e-10
2.418509630082000132e-10
2.416022547200000227e-10
2.413810726500000208e-10
2.411873445946000049e-10
2.410209950244000163e-10
2.408819450690000247e-10
2.407701125008000094e-10
2.406854117197000129e-10
2.406277537372000240e-10
2.405970461606000005e-10
2.405931931774000182e-10
2.406160955397999923e-10
2.406656505485000170e-10
2.407417520374999912e-10
2.408442903578000244e-10
2.409731523622999963e-10
2.411282213899000078e-10
2.413093772493999829e-10
2.415164962044000032e-10
2.417494509569999902e-10
2.420081106326000034e-10
2.422923407637999963e-10
2.426020032751000258e-10
2.429369564665000003e-10
2.432970549987000231e-10
2.436821498765000145e-10
2.440920884337999804e-10
2.445267143173999908e-10
2.449858674715999890e-10
2.454693841221999991e-10
2.459770967610999877e-10
2.465088341304999904e-10
2.470644212068000230e-10
2.476436791855999891e-10
2.482464254652000111e-10
2.488724736317999979e-10
2.495216003939000224e-10
2.501934456660000070e-10
2.508876103726999792e-10
2.516036892857000080e-10
2.523412710002000175e-10
2.530999379104999755e-10
2.538792661865999870e-10
2.546788257503999826e-10
2.554981802520000107e-10
2.563368870454999838e-10
2.571944971655999792e-10
2.580705553036000074e-10
2.589645997836999950e-10
2.598761625392999744e-10
2.608047690889000217e-10
2.617499385126000037e-10
2.627111834281000182e-10
2.636880099671999859e-10
2.646799177516000162e-10
2.656863998693000139e-10
2.667069428510000098e-10
2.677410266460999798e-10
2.687881245986999756e-10
2.698477034243999828e-10
2.709192231858000205e-10
2.720021372692999998e-10
2.730958923608000009e-10
2.741999284223999908e-10
2.753136786684000054e-10
2.764365695410999981e-10
2.775680206877999799e-10
2.787074449363000147e-10
2.798542482715999896e-10
2.810078298118000175e-10
2.821675817841999841e-10
2.833328895020999754e-10
2.845031313403999999e-10
2.856776787119000240e-10
2.868558960437999772e-10
2.880371717541000035e-10
2.892210118996000226e-10
2.904069483295000084e-10
2.915945078347000159e-10
2.927832121316000043e-10
2.939725778443999814e-10
2.951621164887000105e-10
2.963513344541999863e-10
2.975397329876999876e-10
2.987268081761999955e-10
2.999120509298999872e-10
3.010949469651999787e-10
3.022749767875999784e-10
3.034516156749000010e-10
3.046243336602000058e-10
3.057925955145999838e-10
3.069558607305999932e-10
3.081135835049000244e-10
3.092652127213999907e-10
3.104101919343000151e-10
3.115479593510000218e-10
3.126779478153000085e-10
3.137995847900999769e-10
3.149122923409000066e-10
3.160154871180999853e-10
3.171085803405999781e-10
3.181909777787000258e-10
3.192620797369000098e-10
3.203212810370999760e-10
3.213679710013999992e-10
3.224015334353999756e-10
3.234213466110999898e-10
3.244267832495999876e-10
3.254172105046000043e-10
3.263919899450999922e-10
3.273504775385999893e-10
3.282920236337999987e-10
3.292159729440000245e-10
3.301216645297000177e-10
3.310085026477000010e-10
3.318761707881999793e-10
3.327244216174999968e-10
3.335530064734000055e-10
3.343616753618999839e-10
3.351501769542999961e-10
3.359182585843999792e-10
3.366656662453000017e-10
3.373921445865999985e-10
3.380974369114999862e-10
3.387812851735000258e-10
3.394434299740000030e-10
3.400836105587999822e-10
3.407015648155000161e-10
3.412970292702000052e-10
3.418697390850000093e-10
3.424194280546000189e-10
3.429458286034999997e-10
3.434486717831999904e-10
3.439276872690999843e-10
3.443826033572999815e-10
3.448131469623000128e-10
3.452190436130999835e-10
3.456000174512000157e-10
3.459557912269000043e-10
3.462860862970000032e-10
3.465906226209000167e-10
3.468691187588999886e-10
3.471212918679999996e-10
3.473468576997000178e-10
3.475455305970000256e-10
3.477170234910999823e-10
3.478610478984999875e-10
3.479773139183999868e-10
3.480655302293999938e-10
3.481254040865999944e-10
3.481566413187000069e-10
3.481589463250000012e-10
3.481320220725000105e-10
3.480756374140000030e-10
3.479898303676000179e-10
3.478747084619999790e-10
3.477303817542999819e-10
3.475569628384000030e-10
3.473545668546000023e-10
3.471233114985000254e-10
3.468633170298999944e-10
3.465747062826999742e-10
3.462576046731999995e-10
3.459121402095000001e-10
3.455384435008999850e-10
3.451366477667000030e-10
3.447068888454999793e-10
3.442493052041000240e-10
3.437640379468999955e-10
3.432512308249999864e-10
3.427110302451999971e-10
3.421435852791000078e-10
3.415490476724000223e-10
3.409275718538999996e-10
3.402793149444999925e-10
3.396044367668999778e-10
3.389030998538000080e-10
3.381754694579999828e-10
3.374217135606999933e-10
3.366420028812999825e-10
3.358365108860999787e-10
3.350054137974999990e-10
3.341488906031000180e-10
3.332671230653000188e-10
3.323602957295999758e-10
3.314285959345000168e-10
3.304722138200000144e-10
3.294913423371000137e-10
3.284861772572000027e-10
3.274569171803000121e-10
3.264037635450999903e-10
3.253269206376000009e-10
3.242266222054999979e-10
3.231032117794999832e-10
3.219570637397000168e-10
3.207885568482000003e-10
3.195980742624000173e-10
3.183860035486000100e-10
3.171527366954000014e-10
3.158986701272999788e-10
3.146242047179999757e-10
3.133297458041999779e-10
3.120157031985999969e-10
3.106824912038000132e-10
3.093305286255000213e-10
3.079602387864000240e-10
3.065720495391000179e-10
3.051663932798000169e-10
3.037437069621999951e-10
3.023044321103999756e-10
3.008490148325000169e-10
2.993779058344000157e-10
2.978915604329000240e-10
2.963904385695000008e-10
2.948750048236000113e-10
2.933457284261000071e-10
2.918030832730000196e-10
2.902475479385999979e-10
2.886796056893000250e-10
2.870997444968999860e-10
2.855084570519000121e-10
2.839062407774999957e-10
2.822935978424999884e-10
2.806710351751000040e-10
2.790390644765000052e-10
2.773982022340000143e-10
2.757489697348000190e-10
2.740918930792000179e-10
2.724275031942999917e-10
2.707563358476999793e-10
2.690789316601999885e-10
2.673958119165000088e-10
2.657074055341999869e-10
2.640141209298000205e-10
2.623163701243000075e-10
2.606145687531000156e-10
2.589091360754999860e-10
2.572004949853000013e-10
2.554890720198999965e-10
2.537752973703999955e-10
2.520596048918000241e-10
2.503424321123999835e-10
2.486242202438000050e-10
2.469054141908999787e-10
2.451864625615000178e-10
2.434678176765999951e-10
2.417499355796000140e-10
2.400332760468000193e-10
2.383183025967999806e-10
2.366054825007999974e-10
2.348952867918999803e-10
2.331881902754000141e-10
2.314846715385999926e-10
2.297852129602999946e-10
2.280903007212000122e-10
2.264004248133999910e-10
2.247160790502999924e-10
2.230377610766999923e-10
2.213659723779999897e-10
2.197012182910999988e-10
2.180440080132999956e-10
2.163948546127000073e-10
2.147542750376999980e-10
2.131227901272999989e-10
2.115009246205999934e-10
2.098892071667000023e-10
2.082881703346999997e-10
2.066983506235000126e-10
2.051202884715999881e-10
2.035545282670999938e-10
2.020015622126999922e-10
2.004616609404000028e-10
1.989350402685000025e-10
1.974219171078999885e-10
1.959225094642000091e-10
1.944370364404999886e-10
1.929657182387000040e-10
1.915087761621999955e-10
1.900664326178000074e-10
1.886389111180000081e-10
1.872264362829999880e-10
1.858292338430000115e-10
1.844475306400000081e-10
1.830815546303999879e-10
1.817315348868999984e-10
1.803977016007000112e-10
1.790802860834999931e-10
1.777795207698000109e-10
1.764956392190000036e-10
1.752288761176999908e-10
1.739794672814999918e-10
1.727476496574000126e-10
1.715336613257999878e-10
1.703377415028999999e-10
1.691601305424000067e-10
1.680010699381999910e-10
1.668608023260000126e-10
1.657395714857999997e-10
1.646376223439000005e-10
1.635552009752000046e-10
1.624925546049999907e-10
1.614499316113999913e-10
1.604275815277000025e-10
1.594257550438999980e-10
1.584447040092999907e-10
1.574846814345000003e-10
1.565459414937999886e-10
1.556287395267999887e-10
1.547333320410000110e-10
1.538599230914000067e-10
1.530085025326999957e-10
1.521790053437000058e-10
1.513713650245000002e-10
1.505855135919999892e-10
1.498213815754999980e-10
1.490788980118999892e-10
1.483579904408000070e-10
1.476585849005000092e-10
1.469806059224000091e-10
1.463239765274000055e-10
1.456886182204999915e-10
1.450744509864000007e-10
1.444813932847999888e-10
1.439093620460999943e-10
1.433582726661999893e-10
1.428280390021000031e-10
1.423185733674000009e-10
1.418297865275000129e-10
1.413615876948999912e-10
1.409138845246999987e-10
1.404865831098000024e-10
1.400795879764000110e-10
1.396928020793999941e-10
1.393261267973000037e-10
1.389794619282999917e-10
1.386527056849000008e-10
1.383457546898999964e-10
1.380585039712000027e-10
1.377908469575000039e-10
1.375426754736999935e-10
1.373138797359000029e-10
1.371043483471000031e-10
1.369139682924000086e-10
1.367426249341999997e-10
1.365902020079999905e-10
1.364565816174000066e-10
1.363416442293999928e-10
1.362452686699000029e-10
1.361673089486999878e-10
1.361075243766999908e-10
1.360656484304999944e-10
1.360414118243000043e-10
1.360345425024000026e-10
1.360447656319000014e-10
1.360718035953999928e-10
1.361153759833999945e-10
1.361751995871999969e-10
1.362509883915999905e-10
1.363424535670999887e-10
1.364493034631000091e-10
1.365712436000000069e-10
1.367079766624999969e-10
1.368592024914000049e-10
1.370246180771000047e-10
1.372039175515000111e-10
1.373967921812999940e-10
1.376029303600000080e-10
1.378220176012000035e-10
1.380537365304999968e-10
1.382977668788999960e-10
1.385537854749999976e-10
1.388214662374999924e-10
1.391004801683999969e-10
1.393904953450000030e-10
1.396911769131000096e-10
1.400021870791999946e-10
1.403231851035000015e-10
1.406538272921999933e-10
1.409937669902999947e-10
1.413426545745000129e-10
1.417001374452999979e-10
1.420658600202000041e-10
1.424394637259000060e-10
1.428205869910000040e-10
1.432088652392000051e-10
1.436039308809000035e-10
1.440054133070000037e-10
1.444129542472999982e-10
1.448262540975999984e-10
1.452450262221999966e-10
1.456689816402000016e-10
1.460978290195000062e-10
1.465312746713999971e-10
1.469690225447000119e-10
1.474107742200999969e-10
1.478562289044999899e-10
1.483050834252000072e-10
1.487570322243999907e-10
1.492117673534999903e-10
1.496689784671999883e-10
1.501283528180000012e-10
1.505895752503000072e-10
1.510523281948999963e-10
1.515162916636000066e-10
1.519811432425999977e-10
1.524465580877999919e-10
1.529122089185999935e-10
1.533777660121000053e-10
1.538428971979000089e-10
1.543072678518999881e-10
1.547705408908000046e-10
1.552323767667000014e-10
1.556924334607999948e-10
1.561503664782999894e-10
1.566058288422000005e-10
1.570584710883000064e-10
1.575079412586000027e-10
1.579538848963000064e-10
1.583959450399000090e-10
1.588337622175999893e-10
1.592669744411999999e-10
1.596952172008999921e-10
1.601181234595999992e-10
1.605353236467000040e-10
1.609464456530999940e-10
1.613511148247999873e-10
1.617489934766000050e-10
1.621399000228999934e-10
1.625236914323999955e-10
1.629002238521999896e-10
1.632693526063999900e-10
1.636309321941000016e-10
1.639848162881000023e-10
1.643308577325999928e-10
1.646689085421999875e-10
1.649988198993999898e-10
1.653204421536999942e-10
1.656336248193999957e-10
1.659382165739999901e-10
1.662340652564000030e-10
1.665210178655999947e-10
1.667989205583999874e-10
1.670676186482999934e-10
1.673269566032000126e-10
1.675767780443000123e-10
1.678169257438999884e-10
1.680472416239000021e-10
1.682675667543000114e-10
1.684777413508999977e-10
1.686776047743000085e-10
1.688669955279000087e-10
1.690457512558999904e-10
1.692137087420999922e-10
1.693707039079999883e-10
1.695165718107999980e-10
1.696511466422000017e-10
1.697742617263999993e-10
1.698857495185000104e-10
1.699854416025999882e-10
1.700731686905000092e-10
1.701487606194000127e-10
1.702120463508999982e-10
1.702628539686999977e-10
1.703010106773000067e-10
1.703263427999000051e-10
1.703387144446000125e-10
1.703381440530000126e-10
1.703246893563999939e-10
1.702984088473999905e-10
1.702593617818000121e-10
1.702076081801999927e-10
1.701432088304000096e-10
1.700662252889999997e-10
1.699767198834999964e-10
1.698747557140999973e-10
1.697603966559000063e-10
1.696337073603999959e-10
1.694947532578000127e-10
1.693436005589999894e-10
1.691803162568999958e-10
1.690049681292000119e-10
1.688176247396999976e-10
1.686183554405000123e-10
1.684072303740000014e-10
1.681843204745000031e-10
1.679496974704000095e-10
1.677034338864000084e-10
1.674456030446000041e-10
1.671762790672999983e-10
1.668955368785000045e-10
1.666034522058999895e-10
1.663001015828999964e-10
1.659855623504000121e-10
1.656599126588999975e-10
1.653232314703999995e-10
1.649755985601000069e-10
1.646170945187000033e-10
1.642478007539999936e-10
1.638677994932000049e-10
1.634771737845000094e-10
1.630760074990000094e-10
1.626643853330999992e-10
1.622423928098999933e-10
1.618101162813999916e-10
1.613676599834999963e-10
1.609151974305000088e-10
1.604529206676000027e-10
1.599810232794000030e-10
1.594997003933999906e-10
1.590091486835999990e-10
1.585095663737000111e-10
1.580011532407000041e-10
1.574841106182000122e-10
1.569586413997999945e-10
1.564249500427999944e-10
1.558832425714000106e-10
1.553337265802999901e-10
1.547766112377000128e-10
1.542121072892999937e-10
1.536404270616000043e-10
1.530617844650000030e-10
1.524763949974999948e-10
1.518844757481000019e-10
1.512862454002999944e-10
1.506819242352999934e-10
1.500717341356999984e-10
1.494558985887999981e-10
1.488346426899999934e-10
1.482081931463000052e-10
1.475767782798000045e-10
1.469406280308999903e-10
1.462999739619000086e-10
1.456550492605000055e-10
1.450060887432000045e-10
1.443533288583999918e-10
1.436970076904000069e-10
1.430373649623999903e-10
1.423746420399999983e-10
1.417090819349000014e-10
1.410409293080000015e-10
1.403704304729999996e-10
1.396978333997999930e-10
1.390233877180000084e-10
1.383473346291000057e-10
1.376698765039000058e-10
1.369912069236999965e-10
1.363115207409000047e-10
1.356310140812000087e-10
1.349498843465999930e-10
1.342683302177000020e-10
1.335865516564000053e-10
1.329047499085999964e-10
1.322231275066000055e-10
1.315418882719999880e-10
1.308612373178999957e-10
1.301813810518999989e-10
1.295025271783999913e-10
1.288248847013999965e-10
1.281486639270999999e-10
1.274740764660999910e-10
1.268013352368000112e-10
1.261306544671999959e-10
1.254622496979999955e-10
1.247963377848999961e-10
1.241331369014000033e-10
1.234728665414000002e-10
1.228157475216999975e-10
1.221620019847000023e-10
1.215118534006999945e-10
1.208655265711000037e-10
1.202232476305000105e-10
1.195852440493000083e-10
1.189517446367999916e-10
1.183229795430000044e-10
1.176991802622000043e-10
1.170805796345000067e-10
1.164674118493999999e-10
1.158599124477000056e-10
1.152583183246000022e-10
1.146628677317999949e-10
1.140738002806000037e-10
1.134913569440000037e-10
1.129157529916000006e-10
1.123470964388999997e-10
1.117854686461000008e-10
1.112309513000000031e-10
1.106836264146999936e-10
1.101435763321000040e-10
1.096108837220000054e-10
1.090856315834000038e-10
1.085679032442000060e-10
1.080577823621000050e-10
1.075553529251999966e-10
1.070606992522999995e-10
1.065739059936000062e-10
1.060950581307999936e-10
1.056242409782999943e-10
1.051615401832000061e-10
1.047070417256999987e-10
1.042608319201999986e-10
1.038229974152999994e-10
1.033936251945000018e-10
1.029728025765999942e-10
1.025606172164000060e-10
1.021571571050999978e-10
1.017625105706999972e-10
1.013767662787999949e-10
1.010000132329000052e-10
1.006323407747999941e-10
1.002738385854999948e-10
9.992459668531000566e-11
9.958470543455999599e-11
9.925425553411000488e-11
9.893333802582000565e-11
9.862204429306000489e-11
9.832046606123000305e-11
9.802869539828999744e-11
9.774682471524999628e-11
9.747494676669000517e-11
9.721315465125000226e-11
9.696154181219000426e-11
9.672017593879000597e-11
9.648902034479999952e-11
9.626801169652000597e-11
9.605708602933000245e-11
9.585617874631000392e-11
9.566522461682000084e-11
9.548415777516999497e-11
9.531291171920000162e-11
9.515141930891999673e-11
9.499961276510000045e-11
9.485742366789000380e-11
9.472478295546000625e-11
9.460162092259999954e-11
9.448786721933999784e-11
9.438345084955999945e-11
9.428830016960000029e-11
9.420234288690000558e-11
9.412550605858999703e-11
9.405771609012999629e-11
9.399889873390999711e-11
9.394897908786000460e-11
9.390788159411000272e-11
9.387553003752000256e-11
9.385184754440000623e-11
9.383675658104000351e-11
9.383017895237999466e-11
9.383203580059999645e-11
9.384224760373999470e-11
9.386073417433999473e-11
9.388741465801999785e-11
9.392220753210000553e-11
9.396503060424999610e-11
9.401580101107999534e-11
9.407443521673999577e-11
9.414084901159000531e-11
9.421495751076999419e-11
9.429667515280999884e-11
9.438591569827999515e-11
9.448259222841000610e-11
9.458660654076999623e-11
9.469781721124000166e-11
9.481607117657000150e-11
9.494121430324999623e-11
9.507309138534999355e-11
9.521154614239000536e-11
9.535642121728999695e-11
9.550755817422000582e-11
9.566479749649999469e-11
9.582797858448999817e-11
9.599693975349000158e-11
9.617151823161000263e-11
9.635155015769000111e-11
9.653687057916000513e-11
9.672731344995999495e-11
9.692271162839999386e-11
9.712289687508999698e-11
9.732769985080000330e-11
9.753695011434000348e-11
9.775047612050999366e-11
9.796810521791000186e-11
9.818966364690000207e-11
9.841497653744999433e-11
9.864386790705000362e-11
9.887616065859999386e-11
9.911167657827999413e-11
9.935023633346999793e-11
9.959165947063000266e-11
9.983576441316999369e-11
1.000823684593999970e-10
1.003312877803000001e-10
1.005823374176000013e-10
1.008353312814000044e-10
1.010900821485000055e-10
1.013464016596999978e-10
1.016041003181999980e-10
1.018629874871999940e-10
1.021228713880000022e-10
1.023835590977000008e-10
1.026448651348000064e-10
1.029066373210999984e-10
1.031687311932000021e-10
1.034310014383000018e-10
1.036933018926000058e-10
1.039554855399000040e-10
1.042174045099999940e-10
1.044789100769999959e-10
1.047398526582000052e-10
1.050000818118000041e-10
1.052594462360000025e-10
1.055177937672000017e-10
1.057749713783999950e-10
1.060308251777000049e-10
1.062852004067000052e-10
1.065379414390999958e-10
1.067888917790000043e-10
1.070378940591999968e-10
1.072847900400999996e-10
1.075294206077000022e-10
1.077716257723000038e-10
1.080112446667000043e-10
1.082481155449999974e-10
1.084820757807000016e-10
1.087129618654000035e-10
1.089406094070000001e-10
1.091648531285000050e-10
1.093855268661000020e-10
1.096024635676999949e-10
1.098154952915000044e-10
1.100244532045000019e-10
1.102291675804999937e-10
1.104294677990999984e-10
1.106251823438999981e-10
1.108161388006999940e-10
1.110021638565999948e-10
1.111830832976000036e-10
1.113587220078000057e-10
1.115289039674000000e-10
1.116934725233999981e-10
1.118523514366000026e-10
1.120054844678000015e-10
1.121528151641000043e-10
1.122942868578999936e-10
1.124298426667000053e-10
1.125594254928000048e-10
1.126829780232000047e-10
1.128004427290999953e-10
1.129117618653000061e-10
1.130168774704999976e-10
1.131157313665000034e-10
1.132082651581000024e-10
1.132944202326000050e-10
1.133741377596000039e-10
1.134473586909000021e-10
1.135140237596000017e-10
1.135740734805999951e-10
1.136274481493999982e-10
1.136740878424000062e-10
1.137139324163000036e-10
1.137469215081000028e-10
1.137729945341999941e-10
1.137920906908000040e-10
1.138041489527999964e-10
1.138091080744000053e-10
1.138069065878000006e-10
1.137974828036999966e-10
1.137807748104000013e-10
1.137567204739000027e-10
1.137252574374000022e-10
1.136863231207999969e-10
1.136398547208000040e-10
1.135857892103000057e-10
1.135240633381000060e-10
1.134546136283999997e-10
1.133773763812000051e-10
1.132922876709999940e-10
1.131992833472000023e-10
1.130983182260000000e-10
1.129894238804000031e-10
1.128726514363999981e-10
1.127480524340000039e-10
1.126156788282000035e-10
1.124755829900000053e-10
1.123278177069999951e-10
1.121724361841000017e-10
1.120094920444000054e-10
1.118390393301999987e-10
1.116611325031999965e-10
1.114758264460999973e-10
1.112831764626999939e-10
1.110832382788999968e-10
1.108760680437000045e-10
1.106617223297999939e-10
1.104402581342999996e-10
1.102117328796999944e-10
1.099762044148000035e-10
1.097337310148000001e-10
1.094843713831000049e-10
1.092281846511999978e-10
1.089652303800999982e-10
1.086955685608000056e-10
1.084192596149000023e-10
1.081363643959999961e-10
1.078469441899000032e-10
1.075510607158000039e-10
1.072487761265000031e-10
1.069401530101000035e-10
1.066252543900000052e-10
1.063041437260000007e-10
1.059768849151000014e-10
1.056435422922999979e-10
1.053041806312000027e-10
1.049588651451000061e-10
1.046076614874999942e-10
1.042506357531999956e-10
1.038878544785999991e-10
1.035193925731999943e-10
1.031453571964000024e-10
1.027658641179000055e-10
1.023810298101999959e-10
1.019909714501000032e-10
1.015958069196000023e-10
1.011956548070999974e-10
1.007906344089999960e-10
1.003808657307000060e-10
9.996646948769000068e-11
9.954756710686000514e-11
9.912428072789000527e-11
9.869673320431000548e-11
9.826504810473999828e-11
9.782934971418000423e-11
9.738976303515000427e-11
9.694641378900000001e-11
9.649942841704999784e-11
9.604893408190000452e-11
9.559505866858000210e-11
9.513793078581000251e-11
9.467767976724000420e-11
9.421443567263000405e-11
9.374832928911000028e-11
9.327949213240000624e-11
9.280805644801000522e-11
9.233415521250999573e-11
9.185792213471000345e-11
9.137949165688000463e-11
9.089899895604999548e-11
9.041657994512000396e-11
8.993237127419000232e-11
8.944651033170999835e-11
8.895913524575999398e-11
8.847038488522999719e-11
8.798039886106000453e-11
8.748931752747000577e-11
8.699728198320000518e-11
8.650443407268999466e-11
8.601091056468999683e-11
8.551682562424999713e-11
8.502228817433999485e-11
8.452740770414999490e-11
8.403229427001000067e-11
8.353705849628999946e-11
8.304181157632999782e-11
8.254666527336000154e-11
8.205173192144000295e-11
8.155712442633999773e-11
8.106295626652000005e-11
8.056934149400000397e-11
8.007639473531000031e-11
7.958423119240999541e-11
7.909296664358000577e-11
7.860271744439999560e-11
7.811360052862000629e-11
7.762573340911000525e-11
7.713923417877000434e-11
7.665422151146000472e-11
7.617081466289999525e-11
7.568913347164000266e-11
7.520929835990999380e-11
7.473143033462000163e-11
7.425565098822999610e-11
7.378208249967999703e-11
7.331084763531000240e-11
7.284206974982999973e-11
7.237587278713999938e-11
7.191238128137999813e-11
7.145172035773000505e-11
7.099401573342000313e-11
7.053939371860000113e-11
7.008798121728999885e-11
6.963990572830000578e-11
6.919529534613000072e-11
6.875427876190999670e-11
6.831698526431000425e-11
6.788354474050000037e-11
6.745407338122999509e-11
6.702863064763999847e-11
6.660726190227999669e-11
6.619001266842999654e-11
6.577692863031000004e-11
6.536805563332000308e-11
6.496343968424000520e-11
6.456312695142000257e-11
6.416716376506000156e-11
6.377559661735999695e-11
6.338847216277000019e-11
6.300583721818999737e-11
6.262773876320999962e-11
6.225422394028999369e-11
6.188534005500999604e-11
6.152113457625999421e-11
6.116165513647999719e-11
6.080694953182999522e-11
6.045706572248000290e-11
6.011205183274000408e-11
5.977195615134000422e-11
5.943682713163000129e-11
5.910671339177000469e-11
5.878166371497999884e-11
5.846172704971999719e-11
5.814695250996000034e-11
5.783738937532000281e-11
5.753308709135000018e-11
5.723409526972999874e-11
5.694046368844999836e-11
5.665224229208000237e-11
5.636948119194000313e-11
5.609223066634999742e-11
5.582054116081000157e-11
5.555446328825999948e-11
5.529404782924999926e-11
5.503934573217999970e-11
5.479040811352999810e-11
5.454728625803999902e-11
5.431001792740999805e-11
5.407858614880999920e-11
5.385296004927999866e-11
5.363310851256999916e-11
5.341900017873999715e-11
5.321060344372000021e-11
5.300788645884999830e-11
5.281081713049999709e-11
5.261936311961000212e-11
5.243349184128999941e-11
5.225317046433999688e-11
5.207836591088000315e-11
5.190904485588999881e-11
5.174517372679000012e-11
5.158671870301000260e-11
5.143364571556000221e-11
5.128592044659999718e-11
5.114350832902999717e-11
5.100637454603999832e-11
5.087448403067000062e-11
5.074780146543000252e-11
5.062629128181999700e-11
5.050991765994999845e-11
5.039864452805000273e-11
5.029243556211999935e-11
5.019125418542000166e-11
5.009506356810999712e-11
5.000382662677000159e-11
4.991750602402000216e-11
4.983606416803999851e-11
4.975946321218999744e-11
4.968766505454999706e-11
4.962063133749000148e-11
4.955832344729000241e-11
4.950070251363000297e-11
4.944772940923999744e-11
4.939936474941999974e-11
4.935556889163999823e-11
4.931630193509999897e-11
4.928151770446999730e-11
4.925114564312000132e-11
4.922510875711999887e-11
4.920332961568000166e-11
4.918573035044000120e-11
4.917223265479000048e-11
4.916275778316000220e-11
4.915722655034000170e-11
4.915555933075000005e-11
4.915767605777999793e-11
4.916349622306000229e-11
4.917293887577999986e-11
4.918592262199000083e-11
4.920236562389999842e-11
4.922218559917000240e-11
4.924529982023999694e-11
4.927162511361000262e-11
4.930107785915000108e-11
4.933357398939999799e-11
4.936902898887999933e-11
4.940735789337000241e-11
4.944847528923999891e-11
4.949229531274000191e-11
4.953873164929000179e-11
4.958769753279999795e-11
4.963910574498999814e-11
4.969286861461999735e-11
4.974889801688000319e-11
4.980710537265000004e-11
4.986740164777999818e-11
4.992969735243000186e-11
4.999390254037999844e-11
5.005992680829000016e-11
5.012767929501000097e-11
5.019706868093999724e-11
5.026800318723999800e-11
5.034039057521000135e-11
5.041413814554999735e-11
5.048915273770000076e-11
5.056534427232000059e-11
5.064263641431000076e-11
5.072095600154999723e-11
5.080022950960000134e-11
5.088038305116000073e-11
5.096134237549999956e-11
5.104303286793000258e-11
5.112537954924999815e-11
5.120830707519999945e-11
5.129173973589999799e-11
5.137560145534999756e-11
5.145981579082999805e-11
5.154430593238000262e-11
5.162899470225000074e-11
5.171380455436000018e-11
5.179865757374999716e-11
5.188347547600999721e-11
5.196817960677999738e-11
5.205269094116999697e-11
5.213693008321999718e-11
5.222081726533999989e-11
5.230427234782000001e-11
5.238721481818999978e-11
5.246956379078000034e-11
5.255123800608000308e-11
5.263215583025000204e-11
5.271223525456000201e-11
5.279139389484000161e-11
5.286954899093000220e-11
5.294661740612999736e-11
5.302251562669000313e-11
5.309715976121000312e-11
5.317046554012999811e-11
5.324234831516999831e-11
5.331272305878999721e-11
5.338150436363999986e-11
5.344860644200000223e-11
5.351394312527999928e-11
5.357742786342000116e-11
5.363898316293000055e-11
5.369856899021000129e-11
5.375615460960999729e-11
5.381170916672000108e-11
5.386520168817999911e-11
5.391660108155999756e-11
5.396587613515999981e-11
5.401299551786000234e-11
5.405792777898999817e-11
5.410064134812000220e-11
5.414110453494000020e-11
5.417928552905999723e-11
5.421515239988000170e-11
5.424867309642999822e-11
5.427981544718999702e-11
5.430854715993999761e-11
5.433483582157000224e-11
5.435864889799000179e-11
5.437995373390000019e-11
5.439871755265000119e-11
5.441490745608000062e-11
5.442849042437999894e-11
5.443943331588999809e-11
5.444770286696999837e-11
5.445326569182000266e-11
5.445608828234000319e-11
5.445613700792999769e-11
5.445337811538999748e-11
5.444777772869999742e-11
5.443930184888000143e-11
5.442791635383999909e-11
5.441358699822000311e-11
5.439627941319999815e-11
5.437595910637000234e-11
5.435259146155999766e-11
5.432614173867000253e-11
5.429657507350999936e-11
5.426385647765999894e-11
5.422795083828999935e-11
5.418883215751000052e-11
5.414651135521000279e-11
5.410100869798000230e-11
5.405234458084999951e-11
5.400053952752000066e-11
5.394561419051000239e-11
5.388758935139999696e-11
5.382648592101000027e-11
5.376232493961999797e-11
5.369512757714000212e-11
5.362491513332999724e-11
5.355170903798999796e-11
5.347553085116999783e-11
5.339640226334999739e-11
5.331434509566999920e-11
5.322938130009999986e-11
5.314153295966000072e-11
5.305082228861000089e-11
5.295727163264000322e-11
5.286090346908999915e-11
5.276174040714000044e-11
5.265980518800999724e-11
5.255512068516000007e-11
5.244770990446999681e-11
5.233759598449000038e-11
5.222480219659000107e-11
5.210935194518000303e-11
5.199126876789999796e-11
5.187057633582999787e-11
5.174729845369999681e-11
5.162145906004999797e-11
5.149308222748000320e-11
5.136219216281000140e-11
5.122881320729999848e-11
5.109296983683999757e-11
5.095468666215999943e-11
5.081398842900999829e-11
5.067090001839000267e-11
5.052544644672000160e-11
5.037765699777999861e-11
5.022757765503000108e-11
5.007525877120999791e-11
4.992075094615999763e-11
4.976410502722000256e-11
4.960537210954000113e-11
4.944460353643999833e-11
4.928185089977999802e-11
4.911716604032999829e-11
4.895060104806999947e-11
4.878220826258999770e-11
4.861204027341999767e-11
4.844014992040000146e-11
4.826659029401999913e-11
4.809141473579000286e-11
4.791467683857999875e-11
4.773643044698000301e-11
4.755672965764000094e-11
4.737562881964999762e-11
4.719318253486999833e-11
4.700944565829000016e-11
4.682447329842000121e-11
4.663832081757000121e-11
4.645104383225000152e-11
4.626269821356000140e-11
4.607334008744999768e-11
4.588302583515000235e-11
4.569181209351999811e-11
4.549975575534999817e-11
4.530691396976000098e-11
4.511334414256000120e-11
4.491910393656999874e-11
4.472425127197999683e-11
4.452884432673000099e-11
4.433294153684999678e-11
4.413660159679999857e-11
4.393988345983999955e-11
4.374284633837999846e-11
4.354554970433999756e-11
4.334805102890999819e-11
4.315039898152999903e-11
4.295264017723999937e-11
4.275482143265999760e-11
4.255698976621000184e-11
4.235919239840000201e-11
4.216147675209999906e-11
4.196389045283000286e-11
4.176648132901000230e-11
4.156929741225000194e-11
4.137238693759999861e-11
4.117579834385000237e-11
4.097958027378999745e-11
4.078378157449000097e-11
4.058845129755999807e-11
4.039363869941999694e-11
4.019939324161000184e-11
4.000576459100999794e-11
3.981280262015999908e-11
3.962055740748999753e-11
3.942907923763999892e-11
3.923841860168999778e-11
3.904862619745999856e-11
3.885975292977000240e-11
3.867184991072999848e-11
3.848496845998000160e-11
3.829916010499000199e-11
3.811447658133999832e-11
3.793096983296000284e-11
3.774869201244000146e-11
3.756769548128000143e-11
3.738803281014999865e-11
3.720975677920000242e-11
3.703292037832000278e-11
3.685757680738999880e-11
3.668377947658000011e-11
3.651158200661000083e-11
3.634103822904000322e-11
3.617220218650999703e-11
3.600512193469999915e-11
3.583982089458999885e-11
3.567631635482000193e-11
3.551462565678999770e-11
3.535476619477999702e-11
3.519675541597000100e-11
3.504061082051000117e-11
3.488634996160000271e-11
3.473399044553000055e-11
3.458354993172000071e-11
3.443504613283000298e-11
3.428849681480000289e-11
3.414391979688000283e-11
3.400133295174000124e-11
3.386075420551000100e-11
3.372220153779999748e-11
3.358569298183999823e-11
3.345124662447999716e-11
3.331888060626000052e-11
3.318861312150000220e-11
3.306046241831999760e-11
3.293444679872000046e-11
3.281058461866000147e-11
3.268889428808000156e-11
3.256939427099000011e-11
3.245210308550999690e-11
3.233703930395999966e-11
3.222422155287999922e-11
3.211366851315000116e-11
3.200539891996000176e-11
3.189943156295999846e-11
3.179578528627999733e-11
3.169447898859000300e-11
3.159553162314999854e-11
3.149896219791000193e-11
3.140478977553000244e-11
3.131303347344999954e-11
3.122371246397999762e-11
3.113684597431000318e-11
3.105244724598999748e-11
3.097050536249999800e-11
3.089100328243999950e-11
3.081392386742000025e-11
3.073924988188999711e-11
3.066696399299999811e-11
3.059704877047999722e-11
3.052948668647999897e-11
3.046426011544999965e-11
3.040135133399000273e-11
3.034074252072000279e-11
3.028241575611999724e-11
3.022635302243000080e-11
3.017253620348999902e-11
3.012094708457999866e-11
3.007156735231999701e-11
3.002437859451999725e-11
2.997936230002999794e-11
2.993649985859000190e-11
2.989577256074999947e-11
2.985716159765000299e-11
2.982064806095000152e-11
2.978621294264999725e-11
2.975383713497999702e-11
2.972350143023999807e-11
2.969518652066999790e-11
2.966887299830000318e-11
2.964454135484999903e-11
2.962217198154000124e-11
2.960174516898000245e-11
2.958324110704000141e-11
2.956663988467999796e-11
2.955192148985999840e-11
2.953906580933000203e-11
2.952805262856999831e-11
2.951886163160999687e-11
2.951147240087999762e-11
2.950586441710000164e-11
2.950201705913999786e-11
2.949990700947000263e-11
2.949950044960999961e-11
2.950076080577999689e-11
2.950365133775999943e-11
2.950813513864000022e-11
2.951417513460999914e-11
2.952173408476999702e-11
2.953077458083999772e-11
2.954125904702000140e-11
2.955314973972000109e-11
2.956640874735999887e-11
2.958099799011999697e-11
2.959687921974999831e-11
2.961401401937000322e-11
2.963236380317000141e-11
2.965188981628999846e-11
2.967255313450000031e-11
2.969431466408000098e-11
2.971713514151000314e-11
2.974097513330000011e-11
2.976579503576999760e-11
2.979155507481000202e-11
2.981821530564999968e-11
2.984573561268999699e-11
2.987407570922000049e-11
2.990319513724000161e-11
2.993305326721999742e-11
2.996360929787999929e-11
2.999482225598999741e-11
3.002665099611999712e-11
3.005905420044000277e-11
3.009199037850000061e-11
3.012541786698999883e-11
3.015929482955000226e-11
3.019357925650999972e-11
3.022822896471999781e-11
3.026320159727000090e-11
3.029845462332999691e-11
3.033394533789000288e-11
3.036963256133999711e-11
3.040548175239999912e-11
3.044145993241000245e-11
3.047753398879000227e-11
3.051367067488000061e-11
3.054983660977000133e-11
3.058599827812000142e-11
3.062212203000999986e-11
3.065817408076000186e-11
3.069412051073999995e-11
3.072992726525000046e-11
3.076556015430999723e-11
3.080098485250000261e-11
3.083616689880999819e-11
3.087107169645999718e-11
3.090566451270000240e-11
3.093991047871000143e-11
3.097377458936000025e-11
3.100722170308000075e-11
3.104021654171000319e-11
3.107272369026000101e-11
3.110470759681999913e-11
3.113613257235000049e-11
3.116696279051999835e-11
3.119716228752000261e-11
3.122669496194000169e-11
3.125552457456000081e-11
3.128361474819000133e-11
3.131092896750999948e-11
3.133743057890000070e-11
3.136308279027000177e-11
3.138784867086000045e-11
3.141169115113999713e-11
3.143457302257000261e-11
3.145645693748999718e-11
3.147730540889999756e-11
3.149708081033000211e-11
3.151574537564999780e-11
3.153326119890999765e-11
3.154959457808000023e-11
3.156472908098000128e-11
3.157865257341000136e-11
3.159135288376000175e-11
3.160281780297999972e-11
3.161303508454999682e-11
3.162199244438999772e-11
3.162967756085999729e-11
3.163607807473000180e-11
3.164118158907999816e-11
3.164497566932000019e-11
3.164744784310999948e-11
3.164858560032000220e-11
3.164837639302999686e-11
3.164680763543000110e-11
3.164386670380999982e-11
3.163954093650000047e-11
3.163381763387999799e-11
3.162668405826000124e-11
3.161812743390000176e-11
3.160813494691999841e-11
3.159669374531000112e-11
3.158379093885999842e-11
3.156941359909999976e-11
3.155354875928999949e-11
3.153618341436999705e-11
3.151730452092000150e-11
3.149689899708000179e-11
3.147495372259000103e-11
3.145145553865000320e-11
3.142639124796999948e-11
3.139974761465000115e-11
3.137151136420000182e-11
3.134166918345999942e-11
3.131020772056000066e-11
3.127711358492000171e-11
3.124237334713000175e-11
3.120597353898999844e-11
3.116790065341999973e-11
3.112814538033000265e-11
3.108671534702000266e-11
3.104362246801000229e-11
3.099887871742000217e-11
3.095249612902000025e-11
3.090448679633000307e-11
3.085486287273000203e-11
3.080363657145000197e-11
3.075082016574000034e-11
3.069642598889999834e-11
3.064046643433999736e-11
3.058295395571999929e-11
3.052390106695000009e-11
3.046332034234999751e-11
3.040122441664000030e-11
3.033762598508000270e-11
3.027253780355000121e-11
3.020597268857000206e-11
3.013794351742999840e-11
3.006846322826000274e-11
2.999754482006999728e-11
2.992520135288999875e-11
2.985144594777999757e-11
2.977629178696999691e-11
2.969975211386999704e-11
2.962184023323000307e-11
2.954256951113000182e-11
2.946195337512000098e-11
2.938000531427999964e-11
2.929673887927999767e-11
2.921216768248999785e-11
2.912630539800999761e-11
2.903916576179999853e-11
2.895076257172999913e-11
2.886110968765000143e-11
2.877022103147999918e-11
2.867811058729000114e-11
2.858479240136999890e-11
2.849028058230999983e-11
2.839459117494000028e-11
2.829774779629999911e-11
2.819977603903000036e-11
2.810070160117999871e-11
2.800055028639000121e-11
2.789934800396999874e-11
2.779712076903999874e-11
2.769389470268000009e-11
2.758969603201000025e-11
2.748455109038999849e-11
2.737848631747000151e-11
2.727152825938000037e-11
2.716370356881000018e-11
2.705503900516999881e-11
2.694556143471999961e-11
2.683529783067000011e-11
2.672427527333999977e-11
2.661252095026999886e-11
2.650006215633000055e-11
2.638692629390000021e-11
2.627314087295999951e-11
2.615873351119999879e-11
2.604373193420999983e-11
2.592816397553999902e-11
2.581205757688999985e-11
2.569544078819000057e-11
2.557834176774000101e-11
2.546078878234999967e-11
2.534281020748000046e-11
2.522443452733000095e-11
2.510569033498999962e-11
2.498660633256999891e-11
2.486721133132000135e-11
2.474753425178000069e-11
2.462760412386999914e-11
2.450745008703999852e-11
2.438710139042000103e-11
2.426658739290000024e-11
2.414593756328000124e-11
2.402518044704000029e-11
2.390434055847999979e-11
2.378344146758000040e-11
2.366250683159000021e-11
2.354156039506999985e-11
2.342062599004000008e-11
2.329972753604000149e-11
2.317888904028999928e-11
2.305813459773999863e-11
2.293748839119000113e-11
2.281697469137999946e-11
2.269661785709999881e-11
2.257644233532000065e-11
2.245647266122000087e-11
2.233673345836999854e-11
2.221724943876000059e-11
2.209804540296000049e-11
2.197914624020000148e-11
2.186057692845000108e-11
2.174236253454000013e-11
2.162452821427999890e-11
2.150709921252000002e-11
2.139010086327000135e-11
2.127355858982999903e-11
2.115749790482999915e-11
2.104194441038999961e-11
2.092692379820000049e-11
2.081246184958000047e-11
2.069858443566999959e-11
2.058531751743999972e-11
2.047268714584999937e-11
2.036071946192000038e-11
2.024944069686000119e-11
2.013887717215000079e-11
2.002905529962999984e-11
1.992000158161999999e-11
1.981174261104000001e-11
1.970430507146000147e-11
1.959771573724999979e-11
1.949199857801000012e-11
1.938716605048999891e-11
1.928322774847000095e-11
1.918019329310999946e-11
1.907807233296999975e-11
1.897687454405999896e-11
1.887660962985999999e-11
1.877728732133999956e-11
1.867891737699999977e-11
1.858150958286999851e-11
1.848507375258999969e-11
1.838961972738999943e-11
1.829515737614000136e-11
1.820169659538999919e-11
1.810924730935000158e-11
1.801781946999000145e-11
1.792742305698999940e-11
1.783806807783999886e-11
1.774976456781999868e-11
1.766252259003000100e-11
1.757635223546999902e-11
1.749126362300000087e-11
1.740726689938999977e-11
1.732437223938999996e-11
1.724258984569999918e-11
1.716192994902000073e-11
1.708240280809999974e-11
1.700401870972999886e-11
1.692678796879000098e-11
1.685072092829999873e-11
1.677582795938000161e-11
1.670211946134999884e-11
1.662960586173000137e-11
1.655829761625000036e-11
1.648820520891999961e-11
1.641933915201999899e-11
1.635170998612999907e-11
1.628532828020000130e-11
1.622020463152000009e-11
1.615634677720000081e-11
1.609375090757999866e-11
1.603241029559000017e-11
1.597231818012999856e-11
1.591346776598999897e-11
1.585585222387000000e-11
1.579946469026000089e-11
1.574429826744999871e-11
1.569034602346999840e-11
1.563760099206999890e-11
1.558605617264999941e-11
1.553570453021000024e-11
1.548653899536000002e-11
1.543855246421000012e-11
1.539173779837999863e-11
1.534608782494000038e-11
1.530159533636999887e-11
1.525825309049999920e-11
1.521605381050999868e-11
1.517499018483000139e-11
1.513505486714999924e-11
1.509624047635000094e-11
1.505853959646000094e-11
1.502194477665000160e-11
1.498644853112999861e-11
1.495204333915000043e-11
1.491872164493999949e-11
1.488647585769000030e-11
1.485529835149000046e-11
1.482518146527000056e-11
1.479611750280000106e-11
1.476809873262999931e-11
1.474111738800999866e-11
1.471516566693000062e-11
1.469023573199999914e-11
1.466631971043999947e-11
1.464340969402999955e-11
1.462149773910999978e-11
1.460057586646000037e-11
1.458063468553000124e-11
1.456165925730000052e-11
1.454363320453000063e-11
1.452654008500999942e-11
1.451036339151000068e-11
1.449508655170999943e-11
1.448069292809999974e-11
1.446716581792000044e-11
1.445448845310999922e-11
1.444264400018999974e-11
1.443161556020000059e-11
1.442138616864999941e-11
1.441193879542999978e-11
1.440325634472000040e-11
1.439532165494999968e-11
1.438811749867999954e-11
1.438162658256000027e-11
1.437583154726000040e-11
1.437071496736999991e-11
1.436625935134000053e-11
1.436244714140000030e-11
1.435926071348999984e-11
1.435668237719999946e-11
1.435469437564999978e-11
1.435327888547999967e-11
1.435241801671000077e-11
1.435209381272000002e-11
1.435228825014000055e-11
1.435298323879000063e-11
1.435416062161000004e-11
1.435580217457999937e-11
1.435788960663000053e-11
1.436040455958999950e-11
1.436332860812000066e-11
1.436664325960000022e-11
1.437032995409000039e-11
1.437437006424000017e-11
1.437874489522000009e-11
1.438343568463999989e-11
1.438842416840000080e-11
1.439369428234000077e-11
1.439923047126000070e-11
1.440501712394999953e-11
1.441103857311000008e-11
1.441727909531999952e-11
1.442372291094000070e-11
1.443035418404999950e-11
1.443715702244000055e-11
1.444411547746000027e-11
1.445121354406000007e-11
1.445843516064999962e-11
1.446576420908000071e-11
1.447318451454000077e-11
1.448067984555999938e-11
1.448823391386999950e-11
1.449583037442999931e-11
1.450345282527000053e-11
1.451108480750999979e-11
1.451870980524999935e-11
1.452631124553000043e-11
1.453387249825999971e-11
1.454137687615999943e-11
1.454880763469999962e-11
1.455614797204000160e-11
1.456338102897000031e-11
1.457048988883999865e-11
1.457745757749000083e-11
1.458426706323000015e-11
1.459090125672999950e-11
1.459734301097999969e-11
1.460357512124000031e-11
1.460958032494000136e-11
1.461534130166999945e-11
1.462084067307999921e-11
1.462606100283000111e-11
1.463098479652999860e-11
1.463559450169000150e-11
1.463987250762999932e-11
1.464380296943999844e-11
1.464737729237999987e-11
1.465058868171999967e-11
1.465343032179000071e-11
1.465589537599000023e-11
1.465797698676000130e-11
1.465966827555999894e-11
1.466096234284999852e-11
1.466185226806000139e-11
1.466233110957000068e-11
1.466239190471000071e-11
1.466202766970000113e-11
1.466123139966000062e-11
1.465999606857999872e-11
1.465831462930000129e-11
1.465618001345999870e-11
1.465358513155000058e-11
1.465052287279000090e-11
1.464698610521000127e-11
1.464296767552000138e-11
1.463846040922000112e-11
1.463345711042999877e-11
1.462795056201000010e-11
1.462193352542999911e-11
1.461539874080999935e-11
1.460833892687999909e-11
1.460074678093999904e-11
1.459261497888000012e-11
1.458393617512000053e-11
1.457470300261999947e-11
1.456490807282000072e-11
1.455454397566000064e-11
1.454360327953000032e-11
1.453207853124999977e-11
1.451996225606999951e-11
1.450724695763000026e-11
1.449392511794999925e-11
1.447998919737000017e-11
1.446543163460999999e-11
1.445024674276999987e-11
1.443443641041999981e-11
1.441800443563999947e-11
1.440095463310000074e-11
1.438329083404000031e-11
1.436501688637999981e-11
1.434613665464999923e-11
1.432665402004999980e-11
1.430657288048000061e-11
1.428589715051000038e-11
1.426463076145999972e-11
1.424277766136999968e-11
1.422034181505999980e-11
1.419732720408999943e-11
1.417373782685999932e-11
1.414957769855000031e-11
1.412485085117999983e-11
1.409956133362999927e-11
1.407371321164999968e-11
1.404731056787000057e-11
1.402035750182999980e-11
1.399285812999999938e-11
1.396481658578999948e-11
1.393623701959000039e-11
1.390712359874999991e-11
1.387748050763000065e-11
1.384731194761000077e-11
1.381662213712000035e-11
1.378541531162999922e-11
1.375369572369000057e-11
1.372146764295000058e-11
1.368873535618000069e-11
1.365550316726999954e-11
1.362177539725999927e-11
1.358755638437999938e-11
1.355285048400999962e-11
1.351766206878000000e-11
1.348199552852000000e-11
1.344585527031999983e-11
1.340924660785999952e-11
1.337217843540999973e-11
1.333466057009000005e-11
1.329670286403999999e-11
1.325831520442999935e-11
1.321950751354000055e-11
1.318028974876000055e-11
1.314067190266000068e-11
1.310066400299000015e-11
1.306027611276000001e-11
1.301951833022999935e-11
1.297840078898000036e-11
1.293693365794000005e-11
1.289512714140999932e-11
1.285299147914999925e-11
1.281053694633000027e-11
1.276777385363999943e-11
1.272471254730999943e-11
1.268136340911999941e-11
1.263773685646999998e-11
1.259384334239000046e-11
1.254969335561000064e-11
1.250529742056999966e-11
1.246066609745000071e-11
1.241580998225000034e-11
1.237073970675999995e-11
1.232546593868000027e-11
1.227999938157000058e-11
1.223435077496000080e-11
1.218853089433999937e-11
1.214255055122999991e-11
1.209642059316999938e-11
1.205015190382999991e-11
1.200375540297000038e-11
1.195724204653000078e-11
1.191062282663000060e-11
1.186390877164999948e-11
1.181711094621999994e-11
1.177024045129999995e-11
1.172330827040999929e-11
1.167632480738000043e-11
1.162930034593999998e-11
1.158224520324999980e-11
1.153516972997999953e-11
1.148808431026999955e-11
1.144099936186000076e-11
1.139392533603000012e-11
1.134687271771000077e-11
1.129985202544000043e-11
1.125287381149999930e-11
1.120594866182999942e-11
1.115908719615999966e-11
1.111230006800000008e-11
1.106559796468000064e-11
1.101899160736000005e-11
1.097249175113000064e-11
1.092610918495999947e-11
1.087985473181000010e-11
1.083373924861999921e-11
1.078777362633000046e-11
1.074196878996999950e-11
1.069633569866000011e-11
1.065088534560999962e-11
1.060562875823999966e-11
1.056057699811999992e-11
1.051574116106999985e-11
1.047113237717999956e-11
1.042676181079999938e-11
1.038264066065000031e-11
1.033878015978000052e-11
1.029519157567000012e-11
1.025188621018999927e-11
1.020887539972999963e-11
1.016617051512000046e-11
1.012378296176000010e-11
1.008172417961000030e-11
1.004000564323000012e-11
9.998638861806000358e-12
9.957631699969000137e-12
9.916977316497000617e-12
9.876665160727000754e-12
9.836684645857000374e-12
9.797025148905999857e-12
9.757676010680000098e-12
9.718626535736000771e-12
9.679865992339999904e-12
9.641383612434000363e-12
9.603168591597999931e-12
9.565210089012999211e-12
9.527497227422999784e-12
9.490019093100999331e-12
9.452764735807999341e-12
9.415723168758000188e-12
1