0.0000000000000000000000000
0.0000000000000000000000000
915.3007716331169376644538715
441.8376495114515023487911094
254.8364610166267141266871477
164.8979176193023477026144974
115.5670312966676505084251403
85.8027598382538485566328745
66.4664295241982188144902466
53.2290755791295779886240780
43.7530651995261266051784332
36.7071326967665285678776854
31.3758919355000678308442730
27.1934728958891547279108636
23.8502609594386214553196623
21.1129110845075480540344870
18.8840008705519437626207946
17.0452503430481385748862522
15.4919758103076610211701336
14.1802005036855334196843614
13.0392026665328639722929438
12.0497549338047793554551390
11.1869184944925272873206268
10.4253353487703712687562074
9.7525109335965662893386252
9.1563252567130319903299096
8.6211671910291070020093684
8.1420463112267391636578395
7.7099655621116180981289290
7.3182866416364582562437135
6.9633554127013610468566185
6.6369095595759253214396267
6.3406526022198246295147328
6.0680284807605264774110765
5.8163496232774400951370808
5.5863507315238596362405588
5.3714193509038565821356315
5.1724448804904010756899879
4.9882369114398379394970107
4.8169690232353516989860509
4.6571477025639644864440925
4.5074457084249397453845631
4.3669874040504588208477799
4.2350160020315552600322917
4.1109710979736737712642025
3.9943856471101746308249858
3.8845461326300338988914973
3.7808752535235718994499621
3.6828344792187950318407275
3.5899793317058761310534010
3.5020732911628797978664807
3.4188991084689868138468682
3.3399873096146706075160182
3.2648750890350801689976379
3.1932597407581990722746923
3.1248973051403097223044369
3.0597947477297791074590805
2.9979303510364734286497423
2.9390109186081430081571852
2.8826922599230280219728684
2.8287804377150562729070771
2.7771441321275478486541033
2.7276596323617803285799255
2.6802317699195303823955783
2.6347484404566796634128423
2.5911380116745927892907275
2.5493481776325985777020833
2.5092467501750657099535147
2.4706875475165737121585607
2.4335272339755240622594101
2.3976536806522599221125347
2.3629742455674591639080973
2.3295679464610463682561203
2.2975037243857205915276154
2.2667226767387198549386085
2.2371610857773993608077490
2.2087090498731445364910542
2.1811787591019862198038481
2.1545106764043207014935888
2.1287085478696701201783981
2.1037525438322366433396837
2.0796257659301051745615041
2.0563008798156143797086770
2.0337206951561626055990928
2.0118516669931612028676682
1.9906557632299426430222411
1.9701008907012746984577234
1.9501342445323119889621921
1.9307161659931462160955107
1.9118329483130367396626070
1.8934655874405759146128503
1.8756013009308221128890182
1.8582212896765371024088154
1.8413181130052311829103928
1.8248686268536067345280571
1.8088663422991553275664955
1.7932896850360440232918791
1.7781231880781451781814440
1.7633569193687834708583750
1.7489623869863146765624151
1.7349359868689382402351384
1.7212603737734366582401435
1.7079235725390951028401787
1.6949054226906483666681424
1.6821954765087059335826325
1.6697795384306897137349779
1.6576441488383628630742805
1.6457765404555446675516350
1.6341606328587701124632758
1.6227929258083766406173254
1.6116584567182246079397601
1.6007467146544949176956152
1.5900508801350332621638017
1.5795606542535469696275641
1.5692662572021434108648918
1.5591583989124215836596932
1.5492316905294569728823717
1.5394775658445616350888940
1.5298845559270874971957710
1.5204483483683810529640823
1.5111615682600998411544424
1.5020171967660480571993276
1.4930054416277711570870679
1.4841231505037271176661307
1.4753642587597781687946963
1.4667200245787164192279306
1.4581879975435432239549982
1.4497600531873058304910273
1.4414313157556135625014804
1.4331999179850305470296234
1.4250585551421015573225759
1.4170004997546326030999353
1.4090281401177300324434327
1.4011333864268906701511241
1.3933163114705895413436565
1.3855718485668278017186594
1.3779001867668760894503066
1.3702965204936106147215469
1.3627587083088579245071514
1.3552822907035300126210586
1.3478701143956295371850729
1.3405155044547789611186772
1.3332167184954868410784457
1.3259743440716351692287844
1.3187821983827436866931748
1.3116410197452137431639585
1.3045427795822064354069880
1.2974862914284748249826862
1.2904682929407589320192074
1.2834856737075714949725125
1.2765354681149609916701593
1.2696126774859544106277554
1.2627200330491699098445224
1.2558540340438868465611222
1.2490152564461596274014710
1.2422023037920564281222369
1.2354176493905295597386385
1.2286561032673102289436429
1.2219201552466263382967782
1.2152066564650059188323894
1.2085144151605951012840023
1.2018387098042295768607346
1.1951785767356852829834679
1.1885330925994721518179631
1.1818979229794104313100434
1.1752740487735851004913457
1.1686590328725434684287166
1.1620522136849069649855437
1.1554529578871475248291745
1.1488606592145971241336611
1.1422747373049353392104877
1.1356930496985542244914313
1.1291182566979396373341160
1.1225466931242509271982044
1.1159779247939709545534015
1.1094130519170721793642542
1.1028501322080861424268505
1.0962888081605544066121638
1.0897272773013400026798081
1.0831667142684944238339995
1.0766068096444434409875157
1.0700458507542898178854784
1.0634850025824207353508655
1.0569239939809111916702022
1.0503611945836013319421909
1.0437977572081993393737775
1.0372321023617632196334171
1.0306653733601540690045795
1.0240973524218619505887773
1.0175265316422403838458877
1.0109540390286397837371624
1.0043796838111713753960430
0.9978020241435940906882252
0.9912209247949742563221776
0.9846387246640908585959551
0.9780540046780644702906216
0.9714678212656299161054108
0.9648811888941836167887800
0.9582950816341084809835138
0.9517069165448366341308883
0.9451200184510629709322416
0.9385329329788472119133758
0.9319452032382897765927510
0.9253540872138196204943483
0.9187614142677773543255171
0.9121634174982992115943148
0.9055619487168143910693630
0.8989555378916427308411130
0.8923438458457587652006282
0.8857318647865682903486118
0.8791180790088610752519571
0.8725041603206864504471696
0.8658927518605378237381842
0.8592843501389573201976191
0.8526804470237313582359207
0.8460814733957010558285106
0.8394858516518171054343611
0.8328940342059962809173612
0.8263064562230540976983661
0.8197225674932159256158570
0.8131418368228771065275851
0.8065656540564963838946255
0.7999925302136212668102644
0.7934238316878131636045168
0.7868608757444917056744771
0.7803040142946540136392741
0.7737526759140022081240318
0.7672081116166866721073347
0.7606706337143792628907590
0.7541414284623036978771893
0.7476198826646137662876868
0.7411071444237675720501102
0.7346043209062226297945131
0.7281107675594918893224872
0.7216267085442484852109146
0.7151540417216877276729292
0.7086912611087463620407334
0.7022410463501620458970365
0.6958027032835689684731051
0.6893771857515208489886049
0.6829646066079460009490276
0.6765650724010937588914771
0.6701802709548988490340093
0.6638102577720191854737664
0.6574550835898974598947575
0.6511163433556035329274891
0.6447948092503649197837490
0.6384897013783814578857800
0.6322032847770937546982850
0.6259347496221517870296225
0.6196855396165112939144137
0.6134548412562151886717743
0.6072433503573803070807458
0.6010510166498339579277399
0.5948792288975731645805922
0.5887264688211398810935293
0.5825940990765516858118644
0.5764827324641531580695641
0.5703936574135173298571999
0.5643274255913026671294119
0.5582859431192255250664402
0.5522690059862136457979886
0.5462784438377070728165563
0.5403146818846829013693878
0.5343781276678878366936942
0.5284685094637426860941787
0.5225862159510626936409494
0.5167322716426029360903271
0.5109063708834489236920717
0.5051082120805389097384364
0.4993381355183776348916069
0.4935977330355056924560131
0.4878860307852558308994162
0.4822051981233105855118026
0.4765542393209025173739235
0.4709340271719666959349127
0.4653460148128622519969610
0.4597897902104573497616968
0.4542655496889857480447006
0.4487740763190826154271917
0.4433161257890687600990987
0.4378912491856017386027133
0.4325001747393565909582946
0.4271436050579194287912799
0.4218210645652787360582181
0.4165332309890350526160319
0.4112801894343027231393251
0.4060631468301925672825803
0.4008815892710018702338459
0.3957355686732096922142432
0.3906262365341273135044275
0.3855536091383194863269068
0.3805171515747882704516769
0.3755174219569182292310927
0.3705549582014944776098275
0.3656292095618738358098199
0.3607406968207630959533105
0.3558888670577926571780836
0.3510747485610333784578074
0.3462982965889626618682939
0.3415594625392498473459568
0.3368587356723818371229129
0.3321966991584693884576041
0.3275734368737867052701063
0.3229895288237786266094531
0.3184455348138209851427405
0.3139410013076309180490853
0.3094769622487338334160256
0.3050534389392285383735270
0.3006704469826280701205690
0.2963275123376843955824711
0.2920260920677123506195016
0.2877652112726828970146187
0.2835458142959076388578410
0.2793678727001956962894269
0.2752308847465548269362046
0.2711357540632378104739075
0.2670824305157732947435534
0.2630713202248676774175351
0.2591018996289463638404982
0.2551741074920589325003561
0.2512892337501990702719468
0.2474458388458825874867131
0.2436451895927736477354131
0.2398863004741119131502103
0.2361699672189859766646691
0.2324956476898953072751652
0.2288636783268921670586593
0.2252739499909692799661798
0.2217263512967249106111467
0.2182211959958177960317016
0.2147579360208564103196238
0.2113368759990459921915829
0.2079574692439042638003599
0.2046200116717192818427407
0.2013247875116640217552089
0.1980712452134119061497586
0.1948592513979541807067619
0.1916886712850402463281796
0.1885597737065557721880538
0.1854724141652385194234398
0.1824260468819656755279368
0.1794205322877911734646972
0.1764557297503479837974538
0.1735311043641827866146343
0.1706465203799804319917399
0.1678018410542997385093145
0.1649965421987989733221269
0.1622304919102354470172855
0.1595039394591931947164909
0.1568163646901079844031557
0.1541680346811892809988365
0.1515589255615605035476534
0.1489886601993012926747895
0.1464572375975000950720784
0.1439650223987638533174049
0.1415112656797482271198163
0.1390959619678716063795321
0.1367191023435432584154370
0.1343803134056937853557656
0.1320792265166833567846538
0.1298158348901627123783697
0.1275897733117344334807797
0.1254013876993515796964829
0.1232496078815085438495913
0.1211351306630644025785770
0.1190572445562045056366429
0.1170159414760610083749981
0.1150108666417961750250143
0.1130416698066704916936231
0.1111086852165099891909250
0.1092108841458362400445026
0.1073486023703692920916453
0.1055211618139500068247472
0.1037285614820676327152427
0.1019701354721838787442678
0.1002458876608148113929175
0.0985558190333901684709872
0.0968989503791077011474187
0.0952756166274461024912057
0.0936854982275985015416353
0.0921279589204423293713475
0.0906030110901290403058184
0.0891103468965219747133233
0.0876493465868611876246064
0.0862197147504267652484700
0.0848214720165084562486513
0.0834543252749737063389546
0.0821173664984479884099144
0.0808106267985002624243407
0.0795338282141119234935900
0.0782866961047515158567123
0.0770683531678447719670544
0.0758791433356426070488965
0.0747182017554139515924660
0.0735852755914428169337071
0.0724801149506898029217794
0.0714021774487766935912703
0.0703515173063569004829887
0.0693276007359666934792841
0.0683301935498362433829556
0.0673590621156601732089086
0.0664136789345021044672635
0.0654938096011062481638376
0.0645992224713242135791802
0.0637291209237618866412234
0.0628832871005046006862571
0.0620615056786093383101033
0.0612632841420551604860734
0.0604878595740363997346201
0.0597355901947492079484547
0.0590051719032137766962620
0.0582969700854050337790468
0.0576105226786693194740430
0.0569453750511394046762703
0.0563008095309448231002847
0.0556771970541890537376162
0.0550735612923155121167795
0.0544900091866992869471531
0.0539258487230240418641714
0.0533811916734841379605925
0.0528553583701997717336774
0.0523479422832596186232479
0.0518590638957486249616124
0.0513880633014516877143940
0.0509345496939546740766680
0.0504983951419417306794024
0.0500787069421603850405411
0.0496758790436849992366852
0.0492887790595423480599635
0.0489173020513985409851720
0.0485613441695717101831420
0.0482203036064118989445504
0.0478943339193857661739706
0.0475825961523761928329002
0.0472852503151978478812545
0.0470019628207203332692643
0.0467324054297679272740318
0.0464762551625717210135313
0.0462334358436310294271365
0.0460033909266531135240363
0.0457858127119115873582267
0.0455801600483870944513498
0.0453863754993134166371149
0.0452039296155482828165617
0.0450325370228713411924204
0.0448719168948575400368561
0.0447217928750084647848695
0.0445823570640719729629708
0.0444531046282911068701083
0.0443337691336701672506493
0.0442243017435228411016190
0.0441245919771614189541786
0.0440338345415397930393553
0.0439519156516507275567207
0.0438782731623773916695974
0.0438125782973705149569987
0.0437545076098254034913104
0.0437035208719585149816922
0.0436590868695469064286740
0.0436215636399062620109923
0.0435899878312860505902293
0.0435649397698496670949808
0.0435454686828217057970036
0.0435321540810470405946653
0.0435240574911970601323929
0.0435215430340375117324037
0.0435241141266007255938852
0.0435312823764360881662050
0.0435429909301862094750390
0.0435587619941202666695723
0.0435781256510346035049075
0.0436010378550063665281655
0.0436270387812605284216794
0.0436560907861373095895097
0.0436879502912716419227301
0.0437225832335803241135430
0.0437595465937602248751581
0.0437990161845611264412881
0.0438409618002231493694154
0.0438847471754134424437588
0.0439307530989926434128456
0.0439781510986222562431536
0.0440271245983575795768239
0.0440772574762642449508476
0.0441281404276046701484759
0.0441799624627969428347640
0.0442323203327758610048370
0.0442850129816861198817080
0.0443382322467397657628219
0.0443915848909276211653463
0.0444450705220071490275657
0.0444986888092807203465284
0.0445524394837958914727949
0.0446061314671890862815218
0.0446595768209137045090529
0.0447127800354884599731697
0.0447653684536830007156816
0.0448173511089218004621593
0.0448685499139543225721738
0.0449187897163072225037439
0.0449678862767650053267054
0.0450157955192706377145484
0.0450622781884001885610580
0.0451072823078851325995231
0.0451509394954125106713683
0.0451928336065696226175881
0.0452330988100071024193838
0.0452715062761060230145382
0.0453078308757596387446043
0.0453423884033916924085617
0.0453745978689926929283693
0.0454047759402292361308184
0.0454325264496010239323454
0.0454578121276586546994913
0.0454805963987841219142716
0.0455008433652552349291120
0.0455183435097558652948635
0.0455328906480663431199929
0.0455446277599319271356393
0.0455531789044223145435097
0.0455586888559083788563520
0.0455609583591655847856217
0.0455597912984717565154646
0.0455555036299155405310479
0.0455477305453365483023376
0.0455367863573424083711849
0.0455224775032218656467542
0.0455047805285628964577782
0.0454836724158491911840230
0.0454592964191704515530823
0.0454312980519407105806096
0.0453999866218245257121211
0.0453651749283746075214196
0.0453266786351641248753452
0.0452848045142134128515643
0.0452392062194216029724636
0.0451901888297520232251614
0.0451375701098674017575085
0.0450814913012058532393311
0.0450216123307085741567235
0.0449583940839689555346581
0.0448916563768058246575166
0.0448212217328985695896648
0.0447473876254904923133182
0.0446701335442420341403924
0.0445892830658063121784807
0.0445049738187240917497434
0.0444171863611187850429118
0.0443259016034554809149171
0.0442311008053265231065865
0.0441330727643587245045964
0.0440314916988776491879598
0.0439266462715278624417969
0.0438186692669082708539996
0.0437073891253612414886653
0.0435927875306424128520888
0.0434752970164335381109133
0.0433545958433071629278821
0.0432308142276811857573904
0.0431039320411000653754385
0.0429742255925379956771337
0.0428413772933588302138652
0.0427056620829512484371904
0.0425672046191688455141211
0.0424256900148838253516992
0.0422813896368539818282350
0.0421344261833665675864857
0.0419846318655920924811653
0.0418321291284146287714485
0.0416768953654864451885409
0.0415190512521999011141816
0.0413587158419076797444269
0.0411958646781962131711019
0.0410304736962869634475659
0.0408629419853034567267080
0.0406929609780519313533276
0.0405209261545625074041332
0.0403466697120831163658750
0.0401703041568548177564502
0.0399919404755189403233295
0.0398116881522038931762175
0.0396295176289271355862809
0.0394453997627774929912725
0.0392595790512069373057180
0.0390720243600997732547064
0.0388827049754732895214815
0.0386917258204916708619336
0.0384993251518523094123481
0.0383052007466492053233686
0.0381097237213432818436765
0.0379128599550123401851209
0.0377145757566034536822919
0.0375149703622472824315892
0.0373140095827215606538729
0.0371119228831401012924651
0.0369086742663562936139776
0.0367042281709051426696888
0.0364986797646091737368224
0.0362921229012753282505699
0.0360845207032213580178315
0.0358761027418427122515077
0.0356666131003605252347555
0.0354565760437012683636837
0.0352457424981966332966365
0.0350342485267620268318822
0.0348223552280227041655358
0.0346099408023436971859610
0.0343972631412461024580374
0.0341844510543591745266312
0.0339712559141592332356829
0.0337581811865409059381093
0.0335449772398367027093080
0.0333317696416659467462118
0.0331189294709715170705877
0.0329060837155600097170272
0.0326937237446196793388964
0.0324817224863459055872461
0.0322701984617041401359749
0.0320591469856619515343965
0.0318486845963727310815372
0.0316390471096846259690949
0.0314301059161804854924505
0.0312218540538002943540707
0.0310145239474202763507726
0.0308081064130622493679734
0.0306027112423961494824809
0.0303982097079710800180408
0.0301949472986922859418790
0.0299926761587154290522594
0.0297916211593060482887285
0.0295917702077404462523980
0.0293931113178378319861217
0.0291958652109228604387692
0.0289999019859383776187567
0.0288053244684554343724159
0.0286122341530697828215768
0.0284206163757968754968175
0.0282304566138949185327700
0.0280418546134139634595783
0.0278547950649167264103312
0.0276693762262074961777447
0.0274854689641139716960172
0.0273033965613885716561260
0.0271228040705092585116454
0.0269440129891804873440986
0.0267670057948174340556324
0.0265916538111223253737503
0.0264180518674755338004445
0.0262461829447103271728547
0.0260762507902257446856797
0.0259080229997468540481531
0.0257416237301569192363893
0.0255771817788838021212605
0.0254147153663636972409368
0.0252543510637576601451926
0.0250958889677189676825630
0.0249395634070942451288033
0.0247853905413170511051746
0.0246333862760651466083939
0.0244835662659148613207183
0.0243359459170296929531041
0.0241906467308908926239219
0.0240475766434925346259899
0.0239068560385710393578762
0.0237684984086297020067224
0.0236324119522062468801149
0.0234987154112847596021396
0.0233675260472995874327928
0.0232386472717202238746914
0.0231123000486175116108267
0.0229883921237036790985453
0.0228669354773624357302086
0.0227479418875774393182798
0.0226314229336272952630704
0.0225174922871833708970524
0.0224060582498809661433636
0.0222971318319288638876152
0.0221906224756288489308176
0.0220867438967708648589472
0.0219854048841804719516269
0.0218865152460781184351468
0.0217900860010879875161560
0.0216962279046363677725839
0.0216049507643737807860429
0.0215160655845713713607559
0.0214296826399262251017230
0.0213458121452258196837359
0.0212644641664302969097378
0.0211856486248078665357575
0.0211092774094728992395620
0.0210353610131928762949638
0.0209639097886305386664318
0.0208949339521970617328250
0.0208283468206347278928181
0.0207642556722196017227056
0.0207023816962654191864424
0.0206430248873900150374805
0.0205859078338075651704031
0.0205312332313746202794302
0.0204788209984564893717529
0.0204286825380723645328995
0.0203807335258958631507564
0.0203350789593062068749685
0.0202917286128662978372805
0.0202504108374908717293827
0.0202114181120808360236918
0.0201744801624721692423492
0.0201396087136787201032906
0.0201069080915650677532369
0.0200762040883003568814136
0.0200475088614520680074804
0.0200209263872795049932218
0.0199961927635803823899430
0.0199734127554764065437531
0.0199525988049628205667219
0.0199335813979125038575280
0.0199163742478978209038409
0.0199009909325900298526779
0.0198873547348873309925654
0.0198754797123596969876669
0.0198652901215109894961230
0.0198568004826544242114039
0.0198500251698024710034218
0.0198448894918139689957925
0.0198414082660714335970553
0.0198395077283539111867583
0.0198392031227213813671106
0.0198405095368070355510426
0.0198431787888480697101823
0.0198474027439000423600479
0.0198531095060670570440209
0.0198601409839437755000535
0.0198686010689342225365994
0.0198784195034931374101994
0.0198894405221198902755653
0.0199018542398183180541782
0.0199154196618914133831701
0.0199302407287013927383867
0.0199462495715965297538030
0.0199633790637955485514077
0.0199815628126593057556359
0.0200008198123808912660682
0.0200211688660295351882557
0.0200424601754963446764712
0.0200647135220156612456233
0.0200878647354299222360652
0.0201119338790318978593685
0.0201368575107960627590398
0.0201626559689958018140032
0.0201892665293897863310058
0.0202166223968894935569818
0.0202446385284355857836491
0.0202733904870859571456521
0.0203027890831686333439343
0.0203327460951120489451860
0.0203631742604104271077148
0.0203942312883566255476975
0.0204257487525682339402078
0.0204577218537718742707998
0.0204900651757731616653402
0.0205227747206521947409552
0.0205557662904971190365178
0.0205890366719778186710421
0.0206224230074875218565733
0.0206559234769012195487292
0.0206895363204827459346902
0.0207231013687702407544133
0.0207566972459416361485030
0.0207900865100987888856032
0.0208234273202370749611401
0.0208565625822563459335068
0.0208894150834060751686927
0.0209220644752269938071443
0.0209543562066657855502694
0.0209862925808334370436636
0.0210179533319084094200591
0.0210492629998635244481520
0.0210802239532727371529308
0.0211108385788482365297281
0.0211410326625916696052787
0.0211708856318044320865557
0.0212002474633064472153698
0.0212291977958580964369606
0.0212575879801366329768797
0.0212854222037104044706890
0.0213125537411285870259547
0.0213390631732261713826571
0.0213648801567693120972979
0.0213898602107759003287946
0.0214141591094137787032459
0.0214376330739028710115068
0.0214603627448968457824829
0.0214822797217906064082271
0.0215033902555349584750921
0.0215236268007788777989475
0.0215430696496768520065146
0.0215617249225791701716659
0.0215795254919142025229473
0.0215965509525271465163243
0.0216127344437719894065797
0.0216280787214378801552872
0.0216426441742595954131900
0.0216562700197153144843210
0.0216690134200409750819816
0.0216807151706210933517216
0.0216912894055651672697849
0.0217007226936293227959052
0.0217090017419413229549097
0.0217160421675518834627727
0.0217218314741245352439414
0.0217263572928774323367307
0.0217297487825746059308951
0.0217319222539412645889279
0.0217329355478866753648148
0.0217328459394011547223258
0.0217316401322480909352741
0.0217292351195502338179200
0.0217256183715440961967680
0.0217207079815945891532181
0.0217144228404264824638936
0.0217066826286950662061592
0.0216974768019784457206978
0.0216867260966350332285213
0.0216744893370308631952437
0.0216608247826283462078578
0.0216457218070400664311492
0.0216292380504962029885707
0.0216113626035086478505143
0.0215922203295366398057009
0.0215717995534568281190690
0.0215500887128522548852327
0.0215270090123066727694212
0.0215024824132358377548613
0.0214765656718529235336135
0.0214491144189485651028182
0.0214200523701991579761383
0.0213894370608206617345726
0.0213573254837848315601523
0.0213235754153699545720979
0.0212884424021028799411948
0.0212518500089808534680991
0.0212138540390887885001003
0.0211744441693250372293900
0.0211338065089414876840390
0.0210917336694958004739142
0.0210483458965925324113400
0.0210035023735920325926863
0.0209572580949148150331052
0.0209095381837475259578785
0.0208602684646105006327499
0.0208095687806221611715340
0.0207573660034633677984317
0.0207037160329654537638255
0.0206486103199301704314017
0.0205922317059159531993373
0.0205344432011012045791176
0.0204754264580122510852611
0.0204151714453953692096633
0.0203536682115693125239009
0.0202909068827143816704517
0.0202269405483139486090494
0.0201616963065870784255207
0.0200952897010558718948747
0.0200276478343203064025335
0.0199587607687552667790065
0.0198887429647549712763421
0.0198174597254639275889510
0.0197449632024744893554757
0.0196713050450777367228472
0.0195964132168356432173173
0.0195203392207474596409256
0.0194431340624226442481692
0.0193647259114759807963058
0.0192852266600216752656660
0.0192046253668267941083769
0.0191229719138732538741277
0.0190402550840412451704786
0.0189566451618058406936029
0.0188720091558722581626117
0.0187864560584163273193603
0.0186999136437466309534905
0.0186124900966605603958026
0.0185241132081029186151611
0.0184347710472501681577828
0.0183445112831766600491878
0.0182533217330335742478731
0.0181611902915969833371967
0.0180682231773479952396944
0.0179742896620228090331928
0.0178795544485570757908821
0.0177839458297880149972858
0.0176875098985102910398304
0.0175902338423381959797709
0.0174922215993065129080453
0.0173933433412151346175722
0.0172937607318718634952237
0.0171934021950608806328376
0.0170923123922897754467520
0.0169905355619087046481486
0.0168880579655942553163328
0.0167848689724772945353060
0.0166810846461738701562716
0.0165767086449383482804620
0.0164717445701102783994774
0.0163662528914401937674139
0.0162602367238024424211940
0.0161538124782740870333253
0.0160469258729815829334076
0.0159396359287500843926466
0.0158319448257914253963552
0.0157239108803153213034243
0.0156155918762487661011207
0.0155069891389122260089151
0.0153981039603276522592656
0.0152889376000833274865665
0.0151796024177219719686338
0.0150700434393218514472768
0.0149602614723343737418437
0.0148503677047632960672718
0.0147403621713855289415696
0.0146301899214736855908692
0.0145199609961471753222240
0.0144097297378832246012026
0.0142993861737972169367872
0.0141890937118201530126038
0.0140787968394114615389157
0.0139685490126152563050699
0.0138584032070181821516552
0.0137483578995255695948119
0.0136384115590331891215703
0.0135285626467543298317997
0.0134189169671967336444629
0.0133094187171829223675923
0.0132001194411817228402395
0.0130910168910821911314457
0.0129821088171509450154284
0.0128734460726880311359777
0.0127650260664310868236049
0.0126568990872005029957315
0.0125490094441327425939248
0.0124414598611811023226581
0.0123341945446640340738886
0.0122272630158602960831482
0.0121206620380383371660127
0.0120144405924999912727014
0.0119085430301729463392624
0.0118030701212771607644392
0.0116979661305668166532135
0.0115932275452172023344488
0.0114889541892628805480614
0.0113850928878087096635108
0.0112816523779242627173458
0.0111786951501964652855303
0.0110761806993131019238863
0.0109742222127875311415979
0.0108727788735853286850030
0.0107719120112927616711440
0.0106715808274128205052067
0.0105718462469227558742091
0.0104727686786372405081114
0.0103743070476285739744959
0.0102765213746956983464909
0.0101794208987427588219976
0.0100830147755354201238864
0.0099873120794283128109914
0.0098923218050766571762811
0.0097981027312108465859852
0.0097046136302311233196027
0.0096119129252827655712776
0.0095200090030201495183704
0.0094288607281655962416567
0.0093385260053304025573695
0.0092490130159930128428414
0.0091603790248500020082512
0.0090725336872452266856470
0.0089855342429098362250217
0.0088994374683593596014886
0.0088142021866280135383720
0.0087298362098919748269799
0.0086463958417001742645658
0.0085638400344063541486106
0.0084821764326187924776246
0.0084014126269216851672361
0.0083216043098080869772071
0.0082427106164190376558221
0.0081647389818725341764649
0.0080877446537093861111956
0.0080116869106904731873131
0.0079365730399983524384622
0.0078624102806700933016026
0.0077892058242582332822090
0.0077170141972263926744002
0.0076457476390999696072570
0.0075755078713460538911151
0.0075062074238848690288517
0.0074379005458897586369749
0.0073705941558271119082302
0.0073042951283307068835460
0.0072389635741944716521012
0.0071746531887282088621460
0.0071112777467346472565213
0.0070489378787720073302192
0.0069875481290597027048128
0.0069271625029147989444089
0.0068676960951756845646932
0.0068092489783880116166470
0.0067517365182115252758566
0.0066952124339608341460628
0.0066396842329502405583019
0.0065850679578401440095181
0.0065314628011285853770307
0.0064787850718033791405648
0.0064270426286676752072879
0.0063763339801492504785307
0.0063265305735979238468958
0.0062777307340108360819708
0.0062299418638162209344022
0.0061830813334734979411222
0.0061372018908854306454281
0.0060923110678517793104003
0.0060483716217638386347666
0.0060053912578581320966253
0.0059632885262324445210802
0.0059221605003364373095986
0.0058818816062510418177234
0.0058425487388624594217723
0.0058040812213498464353090
0.0057664872666152444669052
0.0057298631161758510274562
0.0056940845241955223565711
0.0056592475584668969212920
0.0056252724354307441501089
0.0055922547952524425188270
0.0055601151084739312488447
0.0055289050638231028098057
0.0054985456383300160970728
0.0054690017987111937819433
0.0054403686342123346725286
0.0054125677484338297409949
0.0053855644794262320235179
0.0053594105099428121508076
0.0053340712574564616565986
0.0053095124266772037238682
0.0052858283519535333855321
0.0052629418708038727334197
0.0052408616687698722502731
0.0052195963882496294525271
0.0051991546287972027762248
0.0051795025726036674970643
0.0051606489761893744455667
0.0051425585534858962027949
0.0051252313152377396154868
0.0051086655165692483951401
0.0050928594485946396611120
0.0050777276491109687300840
0.0050633107703345579808651
0.0050495657077618974831190
0.0050364913617733453668479
0.0050240450844586635736899
0.0050122675716648950466903
0.0050011163900563985335035
0.0049905907905212027950159
0.0049806487837198562193541
0.0049712899047715938469216
0.0049624726005229611094927
0.0049542377179963457620171
0.0049465029440284007805628
0.0049393501242338761283990
0.0049326564868600415378341
0.0049265038368041655023055
0.0049208107756450814376792
0.0049156182581435708262019
0.0049108454463900079109417
0.0049065333966931395232036
0.0049026421737875039430499
0.0048992127047286547839033
0.0048961650234049013466486
0.0048935401490421501918826
0.0048912586531543109091835
0.0048894016195703939378636
0.0048878899276205076129820
0.0048867247128573671616225
0.0048859071133028498384876
0.0048854382688565105991030
0.0048852797100126590934543
0.0048854327973874948909394
0.0048858988906359699863624
0.0048866399552887863563799
0.0048876575644771734496796
0.0048889532877852423867204
0.0048905286908405851478698
0.0048923462301844163405140
0.0048944076768626283702179
0.0048967147956958017099294
0.0048992693449635251259910
0.0049020342561497329270104
0.0049050502349574434668433
0.0049082803390212842442608
0.0049116878996487848066388
0.0049153521344834751397035
0.0049191576700087754139834
0.0049231752603048498442839
0.0049273201621549004083911
0.0049316612884582802095457
0.0049361142964267678071022
0.0049406716993727894937649
0.0049453641215364170513613
0.0049501080182134012119821
0.0049549721126085893158075
0.0049598732477595663947767
0.0049648422057583935229630
0.0049698341282491840728563
0.0049748797692789293797833
0.0049799345129952878388768
0.0049849915745767345298667
0.0049900442202717139664192
0.0049950857666818948565890
0.0050001095800333303711960
0.0050050718341951468126627
0.0050099661917337280983564
0.0050148234700426348731117
0.0050196001827967906550043
0.0050242901296429515883846
0.0050289240649561070539697
0.0050334219882844982371650
0.0050377780253101399690618
0.0050420597714067941219618
0.0050462243924285403798291
0.0050502293545075542177680
0.0050541419815772134493947
0.0050578832963613920212231
0.0050614840480977989559119
0.0050649384376155468304170
0.0050682044382301238288902
0.0050713127114608656104133
0.0050742575613896357192290
0.0050769972530207646901901
0.0050795623539317043965147
0.0050819472637474204582131
0.0050840746475875999224603
0.0050860468007227670542147
0.0050877865085212498064138
0.0050893241685392026640855
0.0050906186910271824033747
0.0050917004011022445192358
0.0050925638926605154219174
0.0050932037845753883043010
0.0050935793357393486374685
0.0050937207203146026013307
0.0050936226276409044336213
0.0050932795401007436783547
0.0050926850476207896969982
0.0050918676189650839691847
0.0050907504578427461433554
0.0050893971107204309320404
0.0050877659795886482144156
0.0050858854094851619828677
0.0050837487571854574758268
0.0050813494082181404759568
0.0050786807764655727409631
0.0050757363037935276234291
0.0050725439968512314389826
0.0050690626966457567534330
0.0050653203461177099056756
0.0050613103192582676800870
0.0050569917168137006741047
0.0050523923855958626991103
0.0050475057808275023557565
0.0050423595095086086448344
0.0050369128388719980674026
0.0050311933131498599858222
0.0050251943204889489361098
0.0050189092761954105098576
0.0050123316226197440342860
0.0050054548290510468902537
0.0049983061116879940258273
0.0049908788216592239739278
0.0049831327319122169575150
0.0049751285169437114638824
0.0049668259473970178402569
0.0049582184840011173099228
0.0049493329934069962838805
0.0049401628214529782340270
0.0049307013418196047466191
0.0049209419559232111043845
0.0049108780928039524882323
0.0049005363072613409777811
0.0048899099161992913564756
0.0048789922646119560090128
0.0048677437937869700787519
0.0048562566994133473177730
0.0048444584361828739449418
0.0048323752266476874620005
0.0048200331012922849327484
0.0048073925861978573578770
0.0047944470564646362101269
0.0047812224625036949671175
0.0047677445648946666090229
0.0047539740568848833091042
0.0047399042616462763385932
0.0047255618789700092746697
0.0047109452005004350677586
0.0046960535263414430323659
0.0046809183145648056850741
0.0046655065628422335774483
0.0046498495979787760404300
0.0046339465110320273572020
0.0046178283393601199033340
0.0046014939922865323584933
0.0045849105159256938607504
0.0045681087556924725515128
0.0045511193358604585396110
0.0045339092706546662431277
0.0045165090592620762977027
0.0044989489823519255087825
0.0044811644864493202153333
0.0044632173727449002756384
0.0044451061481035865699529
0.0044268293111804591852265
0.0044083540199872572537543
0.0043897727552129678016413
0.0043709899942260491828572
0.0043520978958601040653686
0.0043330323590080148388193
0.0043138539934005903919711
0.0042945299165893556850304
0.0042750893961483026756154
0.0042555305670624599123641
0.0042358824359220777905355
0.0042161121542005864856750
0.0041962178464283331549844
0.0041762283597767289530789
0.0041561723398191160669390
0.0041359863542046694170895
0.0041157296726809190420826
0.0040953695874362530324198
0.0040749345441073786186492
0.0040544223636318514267241
0.0040338308687096202653777
0.0040131578842809165555416
0.0039924315196112596798583
0.0039716494593991643821673
0.0039507792084658779896422
0.0039298487420352298110648
0.0039088557590854023163218
0.0038878280035845162211638
0.0038667330512094548813917
0.0038455985631807632942059
0.0038243922261353702207742
0.0038031714681162312637064
0.0037818752228534315354413
0.0037605363667358683230080
0.0037391886350272951315687
0.0037178062282178549191602
0.0036964227261600916818463
0.0036750419276692569345300
0.0036536676031619775943671
0.0036323034952318164134133
0.0036109238969520402427749
0.0035896207636954518931105
0.0035683094911010729798073
0.0035470524207313700731925
0.0035258530250970214828254
0.0035046855626010234990853
0.0034835827403295765471170
0.0034625188616780044892351
0.0034415555469351501692576
0.0034206670083851030070288
0.0033998565802789270512418
0.0033791275752925813667671
0.0033584832848958415078833
0.0033379558038746123642404
0.0033175194676859660197765
0.0032971746332321675947152
0.0032769532132063661743204
0.0032568496840625653018786
0.0032368671371209275025582
0.0032170086452060538823039
0.0031972772629563087423699
0.0031776788736437417380587
0.0031582164831322266478064
0.0031388930800806068809050
0.0031197116362490307298061
0.0031006751068070608108596
0.0030817892550570025710088
0.0030630541707318379059111
0.0030444755767831017945202
0.0030260535408109115809716
0.0030077909398311978780849
0.0029896962413345530562570
0.0029717666708596666806652
0.0029540050625195372890897
0.0029364142368022479873124
0.0029189997862055822204497
0.0029017561492235628868575
0.0028846916867861244898608
0.0028678036236818591278586
0.0028510975115052382584946
0.0028345705816662301705644
0.0028182256077879195427238
0.0028020655768402199722877
0.0027860916079660881516933
0.0027703050437906670891430
0.0027547072259712186356739
0.0027393077111628767045248
0.0027240995994015824131773
0.0027090896919920570001805
0.0026942793053319298232640
0.0026796697567345499971236
0.0026652596470943695251832
0.0026510557360878064109277
0.0026370566239910854001993
0.0026232636351718255363075
0.0026096780965744158231612
0.0025963013380277248122463
0.0025831346925421949829726
0.0025701794965953934056502
0.0025574370904050645891825
0.0025449088181888654229545
0.0025325933517358653439266
0.0025204947287583512674503
0.0025086143068595257929476
0.0024969481194266011231386
0.0024855002186896322374787
0.0024742693329197020836452
0.0024632568642503462411075
0.0024524642202243683748730
0.0024418901693731864289971
0.0024315335017538091191835
0.0024213983021166866557716
0.0024114833797655500259582
0.0024017849368706315447974
0.0023923097118109149135379
0.0023830539339023881426072
0.0023740164864581264451970
0.0023652014999879129864002
0.0023566052676974114446495
0.0023482319349830398785839
0.0023400778331981253801986
0.0023321419274546441487150
0.0023244283905357707338546
0.0023169336157600685550950
0.0023096592038257257595291
0.0023026015962032226822020
0.0022957650040286770899700
0.0022891459045670495449365
0.0022827459508675939509059
0.0022765616666536761351913
0.0022705972985500567050410
0.0022648494044005336618686
0.0022593190878499704379867
0.0022540025170349731707675
0.0022489029423426966022848
0.0022439905362759181642329
0.0022393017062628498177468
0.0022348117824039898625388
0.0022305215802861403859292
0.0022264319233669107797602
0.0022225183897500548624304
0.0022187819294498395406023
0.0022152234993553184851101
0.0022118692050412240047985
0.0022086696958760082022677
0.0022056511273607385878459
0.0022028144823542875757605
0.0022001107598625937664116
0.0021975910910348697875627
0.0021952315542651031771149
0.0021930083792241600836037
0.0021909724938525896968666
0.0021890504754596322792293
0.0021872932251605792935978
0.0021856771368003115492418
0.0021842034577589305999190
0.0021828487705694500815856
0.0021816390714009064287493
0.0021805756194762317308478
0.0021796351161209653532480
0.0021788189348877005750704
0.0021781039618751284019094
0.0021775405934766479780496
0.0021770812664561327472168
0.0021767274721851107184556
0.0021764807042845332046843
0.0021763667726642831404260
0.0021763627908044074626970
0.0021764460144532071436685
0.0021766422591427991330149
0.0021769288534712154248307
0.0021773315457407466620710
0.0021778277364957639161691
0.0021784190361550854510286
0.0021791310914202250727245
0.0021799174074838907795570
0.0021807796990741105426503
0.0021817436130250810952247
0.0021828107600955983132185
0.0021839350220854173920126
0.0021851658733313197857662
0.0021864573297109067377686
0.0021878580138074425927297
0.0021893185205109611489449
0.0021908601068331037646508
0.0021924802554311164856649
0.0021941528432111410962246
0.0021958754958941602807021
0.0021976458593078937453491
0.0021994851255390597717654
0.0022013438928663742882863
0.0022032668848310948440938
0.0022052048704593596450962
0.0022071790829890965829341
0.0022091639195982158173914
0.0022111805814716708161460
0.0022132035653693029816913
0.0022152540389853720564917
0.0022173065966661752862477
0.0022193823711858769523464
0.0022214560524991501175296
0.0022235256062951864325372
0.0022255890120088154225664
0.0022276442624128462051403
0.0022297123965791124447500
0.0022317453337034024070384
0.0022337641699451990344449
0.0022357669474755790389731
0.0022377288154022110557018
0.0022396708068978393724180
0.0022415909970348157215225
0.0022434874712132756024996
0.0022453355481861386223896
0.0022471561732166837714597
0.0022489247473696932777543
0.0022506621703037659430746
0.0022523439238928541147877
0.0022539908612588619579720
0.0022555785436609524646778
0.0022571052213224973570505
0.0022585916758793784034354
0.0022600360779866349343614
0.0022614141437105913894079
0.0022627241511281705535485
0.0022639643845959920263888
0.0022651555030501297968715
0.0022662733723666011673159
0.0022673162946569330906954
0.0022683048533784218141196
0.0022692150239678344353367
0.0022700451245168049019263
0.0022708156618587052415215
0.0022715246638977458319697
0.0022721472104161449800941
0.0022726803981941733935612
0.0022731433970565261513952
0.0022735332347657353883885
0.0022738469501162334590605
0.0022740815927415735514527
0.0022742122817713860197242
0.0022742580892102142245403
0.0022742160958821740733560
0.0022740833926932543102017
0.0022738570804433986920212
0.0022735342696386376046269
0.0022731120803030362316488
0.0022725876417902693242545
0.0022719797950143359732689
0.0022712639258663865245158
0.0022704588340792487485831
0.0022695399823707725073252
0.0022685045442553466998881
0.0022673928118023172276208
0.0022661587472637945671339
0.0022647995484863410464715
0.0022633553560453198438829
0.0022617803313206455255446
0.0022601145136320237652439
0.0022583335761358859158920
0.0022564346667339856000734
0.0022544362630260170524132
0.0022523141464058276176030
0.0022500867505260064606321
0.0022477299277531789280238
0.0022452620672765264027426
0.0022427014500913705803697
0.0022400027969721970563799
0.0022372055521149348568388
0.0022342645622456451352800
0.0022312191693639846397368
0.0022280664197494052733428
0.0022247718517085339484662
0.0022213641210540829677711
0.0022178361000157109303443
0.0022141869660220014730256
0.0022104138007361892083458
0.0022065178646278986451801
0.0022024983166743644646957
0.0021983563909170680816807
0.0021940891469096209485945
0.0021896978005363099822889
0.0021851814772593522798183
0.0021805396407443200165743
0.0021757772577843943577480
0.0021708913423536266643077
0.0021658850991741127045564
0.0021607617048309351280577
0.0021555201948594265165537
0.0021501616525587520858953
0.0021446891954272307920237
0.0021391038649696677773071
0.0021334066860719145750092
0.0021275986671254456736313
0.0021216869208834730070601
0.0021156683238048104578333
0.0021095478973131420036280
0.0021033285932955001970579
0.0020970092782725525092091
0.0020905928676317585973576
0.0020840822507606892449727
0.0020774762483043739992594
0.0020707777142960123034632
0.0020639874612363110634172
0.0020571062871037864433488
0.0020501349755502069199808
0.0020430763043477787564706
0.0020359310211979018793993
0.0020287018631003632569698
0.0020213875423474784824573
0.0020139907639536995705154
0.0020065142094190737027948
0.0019989565519231396531485
0.0019913204423269250699369
0.0019836045340261266277382
0.0019758134328471906905611
0.0019679457654612820573237
0.0019600021367197654684200
0.0019519851169307500700356
0.0019438913314843515780378
0.0019357272745179334924592
0.0019274915212541365687471
0.0019191846132110832508916
0.0019108070813969742739180
0.0019023633698083007494833
0.0018938500555464633529762
0.0018852715524258014962583
0.0018766244280894526889891
0.0018679130669561269662005
0.0018591379259002979110887
0.0018502955596937742475255
0.0018413903101066205446334
0.0018324206656205213432365
0.0018233875338728559607065
0.0018142937243237902081999
0.0018051444373686777958993
0.0017959390461627646688042
0.0017866827081457078117699
0.0017773786219239357756644
0.0017680299639666317325359
0.0017586398888382642671097
0.0017492115294303173765600
0.0017397460805339717664075
0.0017302466397503474867386
0.0017207181954273162438618
0.0017111599774261054048713
0.0017015788420921388896662
0.0016919739882076832628716
0.0016823503199622088458837
0.0016727070132342785301061
0.0016630489351363172099985
0.0016533790289483122400854
0.0016436964341368727644810
0.0016340078501951532490011
0.0016243105010791737165265
0.0016146091615772812082746
0.0016049066959196779148800
0.0015952040700221270085740
0.0015855022416151607397156
0.0015758059115980780576921
0.0015661160077148821110488
0.0015564353210463367609140
0.0015467628890233765370094
0.0015371033497940782015095
0.0015274575883491667716713
0.0015178264831404496369022
0.0015082109063105019700762
0.0014986117239244570089468
0.0014890335049073217480592
0.0014794752378430439318513
0.0014699377650063967081645
0.0014604237709234641449940
0.0014509340809262113395489
0.0014414695157433732655705
0.0014320327321447310926078
0.0014226226973469578620385
0.0014132420555079292998069
0.0014038916044446453704198
0.0013945703073938455450465
0.0013852826203160774169720
0.0013760274980826232588821
0.0013668039020358847736997
0.0013576180883849090896137
0.0013484655588273785492559
0.0013393498832956485244949
0.0013302729940025171968127
0.0013212368158144090213302
0.0013122432664869304423660
0.0013032924484274999426398
0.0012943880788233155451628
0.0012855302514738280953571
0.0012767208646539578761198
0.0012679618106007392672879
0.0012592549757152798547977
0.0012506022407583413953019
0.0012420036882290601005369
0.0012334611948285755141097
0.0012249766321400235025152
0.0012165518667974766376522
0.0012081869766938167342490
0.0011998838256557311805067
0.0011916424934513693105476
0.0011834648416204655504980
0.0011753527274474501011781
0.0011673062311140069546161
0.0011593272083237969420633
0.0011514157422545909410794
0.0011435736874207988282570
0.0011358028946141258269664
0.0011281016868043142187261
0.0011204736805441016262580
0.0011129189647058554141906
0.0011054376334006937865340
0.0010980315394869654809645
0.0010907007812247094917513
0.0010834454622427665704959
0.0010762691856436802564229
0.0010691703081586020809141
0.0010621489433085781230182
0.0010552086913887212017704
0.0010483479256520147112480
0.0010415685061988147301626
0.0010348705559430331629711
0.0010282542033965497499381
0.0010217213127434803757870
0.0010152720174154835578589
0.0010089081823581368211468
0.0010026282222810036989791
0.0009964340093023328105704
0.0009903256933002976131197
0.0009843034298822102984294
0.0009783690958063940516093
0.0009725211386133401610457
0.0009667612684073139620727
0.0009610904983235597732680
0.0009555045482793538078742
0.0009500076908624066705095
0.0009445956697983476499023
0.0009392676580370662746053
0.0009340262371560907909626
0.0009288688926676190883019
0.0009237965187416878999963
0.0009188066267325411748401
0.0009139001284607506511368
0.0009090745610943687252462
0.0009043325407611713974421
0.0008996716243333311270949
0.0008950910702626827019149
0.0008905901478535469201550
0.0008861698158278320672579
0.0008818293591304750224033
0.0008775663989911541146283
0.0008733819205814926604076
0.0008692752413025171126515
0.0008652456893361684968011
0.0008612926036187384818202
0.0008574169983799899592836
0.0008536165654266092547506
0.0008498923363684066393728
0.0008462436868822160312975
0.0008426716598675910389199
0.0008391723368378375784438
0.0008357467836529637594811
0.0008323977194270001976964
0.0008291196140161644252686
0.0008259152051616192296429
0.0008227839353791475095201
0.0008197252572784147076415
0.0008167386334668127632549
0.0008138235364471626013746
0.0008109810855902473527082
0.0008082107670464118084896
0.0008055104433292775353848
0.0008028812566794176017876
0.0008003243509234300072722
0.0007978359890859029095525
0.0007954205861497804300186
0.0007930728014159957664497
0.0007907970559905438913059
0.0007885912775474532808440
0.0007864534098481143226805
0.0007843862604163541517657
0.0007823894015501882620925
0.0007804621069704732738703
0.0007786024349178259119919
0.0007768097609895441074332
0.0007750818627696055970397
0.0007734181382789535007249
0.0007718147881774892107160
0.0007702712377521443590581
0.0007687853210023892942815
0.0007673580811311259000998
0.0007659841802207432125138
0.0007646646833726562829739
0.0007633958806105707291592
0.0007621772628908141025000
0.0007610083277154256267694
0.0007598869930074826466171
0.0007588127743962004697828
0.0007577820290102680678493
0.0007567942954170123366631
0.0007558506964400604289170
0.0007549460460829758058632
0.0007540830603098511988533
0.0007532581532843126825155
0.0007524693301213492783314
0.0007517193164671454345613
0.0007510029900515308469086
0.0007503199524903292816011
0.0007496713738864685915020
0.0007490537349088934645364
0.0007484666557109879341317
0.0007479097605660877008671
0.0007473811209772631249451
0.0007468803745204041690670
0.0007464056093611162604265
0.0007459564759040456481676
0.0007455310785009723389613
0.0007451321755860805268884
0.0007447563305032798642094
0.0007444032126466509739771
0.0007440724945667134566235
0.0007437638518762672680887
0.0007434769631562970900948
0.0007432099726745946145084
0.0007429625699532544117962
0.0007427329135146843244741
0.0007425237671987379483099
0.0007423302324967533246877
0.0007421535479078169433853
0.0007419949471696745584362
0.0007418495595414665915932
0.0007417216762497648267771
0.0007416078033947026823189
0.0007415083873261753538014
0.0007414221961620175551169
0.0007413464876933493954286
0.0007412800468878050306337
0.0007412231770965583936561
0.0007411731581236619776851
0.0007411287913114563254482
0.0007410888831566542428800
0.0007410537510694420806900
0.0007410207020547539616406
0.0007409885571408520495845
0.0007409576426706557207222
0.0007409252843519265789921
0.0007408933110808766167588
0.0007408590551136822431599
0.0007408213533750771526490
0.0007407805388160526669644
0.0007407354505456990173551
0.0007406849310598363506780
0.0007406278260737807726810
0.0007405629843562306973900
0.0007404907414826605426689
0.0007404084645748295777021
0.0007403179717445149262897
0.0007402151545397326953477
0.0007401018290925869642580
0.0007399768491811967597444
0.0007398375966470123119012
0.0007396858786202256371214
0.0007395190788457740990389
0.0007393375272054911358233
0.0007391400811230226883947
0.0007389270650508409157831
0.0007386958700324110661112
0.0007384482820071285339922
0.0007381831533212287630927
0.0007378978781483246183331
0.0007375942305553654342043
0.0007372710606112839589951
0.0007369257648623285658282
0.0007365601048787520947411
0.0007361729278380137750717
0.0007357616320798357695612
0.0007353279662311160884761
0.0007348693279753507360749
0.0007343874555359105075689
0.0007338797458255231923388
0.0007333479266048636632802
0.0007327893939464676445472
0.0007322059417740000263064
0.0007315967843743253042413
0.0007309612111779737863432
0.0007302999433219471486431
0.0007296136939378757447355
0.0007289017379910239834498
0.0007281633488473132197888
0.0007273992253263983744430
0.0007266086329149288062720
0.0007257922594550574339409
0.0007249493626778707143499
0.0007240806195860705930800
0.0007231852802850799715600
0.0007222640110792490856367
0.0007213174706321972412537
0.0007203448955170672256612
0.0007193469339193983526012
0.0007183228151154736782977
0.0007172731769374191858335
0.0007161972414724473035702
0.0007150956363098986620641
0.0007139689816371254729721
0.0007128150829597679595875
0.0007116345549861442234749
0.0007104294056650074969117
0.0007091974323490078929016
0.0007079392323946790072445
0.0007066553958708584898957
0.0007053465055772347325896
0.0007040103511782906881358
0.0007026502929482722785079
0.0007012641121513220289138
0.0006998523717371040375398
0.0006984142405489209091268
0.0006969502716125428954178
0.0006954610107247444173925
0.0006939442317650149983158
0.0006924018559644742540349
0.0006908316532867404997920
0.0006892355320150559891412
0.0006876126345256712525320
0.0006859621019740438224721
0.0006842858210160266199673
0.0006825815495325150087519
0.0006808497909189954169426
0.0006790910414096843232198
0.0006773057901047119157972
0.0006754904211646289412946
0.0006736481517460427047642
0.0006717767281612560233486
0.0006698768119906847815642
0.0006679498060049729804555
0.0006659945718823998819444
0.0006640140426879722864231
0.0006620084226801335779491
0.0006599792646197319336693
0.0006579254043294138765141
0.0006558497317744960489194
0.0006537510703304146107012
0.0006516336373495785908375
0.0006494935459273445737746
0.0006473349942999688088480
0.0006451581261709801902449
0.0006429630803152475929801
0.0006407499906897291732516
0.0006385189865483763315204
0.0006362728691459330768523
0.0006340117500975578227265
0.0006317344012788189905674
0.0006294435981038598798901
0.0006271394353652631281984
0.0006248206727966051010278
0.0006224900612470629342535
0.0006201463516225304848165
0.0006177922777075876489827
0.0006154265821554322311165
0.0006130506582148637648513
0.0006106645677546185127862
0.0006082683697136807019282
0.0006058621202342659916792
0.0006034485096940014415071
0.0006010262635806520436360
0.0005985954262433045925187
0.0005961560397580974515752
0.0005937094569111378214443
0.0005912570228873833752536
0.0005887961451614652508280
0.0005863294752972230371169
0.0005838557301442694668844
0.0005813762423586236061795
0.0005788910330337169269851
0.0005764014250432936787780
0.0005739061308731413209652
0.0005714051677212694715230
0.0005688998506975904848396
0.0005663901906982703833224
0.0005638761976459956458754
0.0005613578805581126039345
0.0005588352476110867300685
0.0005563095984216971266398
0.0005537784715533328357140
0.0005512450435500357683385
0.0005487087300133526839713
0.0005461715220454329503680
0.0005436328309942845080777
0.0005410946384117805733546
0.0005385563516149477003916
0.0005360186614299604747694
0.0005334848155844055432942
0.0005309529329965818021664
0.0005284236949662959696716
0.0005258990557778207581424
0.0005233784119237552129311
0.0005208624356663818510960
0.0005183530684286856123413
0.0005158497020165632353933
0.0005133530001783695017464
0.0005108636239471049927258
0.0005083834984715178070824
0.0005059107447061791419662
0.0005034472840312613668712
0.0005009937673063473992721
0.0004985495815316970781919
0.0004961178972464938118775
0.0004936955779018655171911
0.0004912845308362842524502
0.0004888866561270225133407
0.0004865000817956492001892
0.0004841267054411684043862
0.0004817671653398846571235
0.0004794208470475589257791
0.0004770871397525733997869
0.0004747691818196923254844
0.0004724651111452123205744
0.0004701768124271605859416
0.0004679036748296052641502
0.0004656463349663473097473
0.0004634054285230068594842
0.0004611803495916864362343
0.0004589717361628067870960
0.0004567802256111674983480
0.0004546064548021907852568
0.0004524510601965466764611
0.0004503122091501450866523
0.0004481917783642006946482
0.0004460904074792717394736
0.0004440075055129421677073
0.0004419437159415686507298
0.0004398984543086000530143
0.0004378723682395203767141
0.0004358673018945762793301
0.0004338813048163823690197
0.0004319148544669874391355
0.0004299684295162545678154
0.0004280425098982425582972
0.0004261363575566979276787
0.0004242504588383058227591
0.0004223853014795177305413
0.0004205401590664403668578
0.0004187155259333064051194
0.0004169118978808918226341
0.0004151273484724921796797
0.0004133648051518912258130
0.0004116223494095789040004
0.0004098992822541877687099
0.0004081985319044874934574
0.0004065181953983907454583
0.0004048575855402591862006
0.0004032196312606984613114
0.0004016012429362809748289
0.0004000041502842737687479
0.0003984288799144278746776
0.0003968735630098018719349
0.0003953399333149092208066
0.0003938285250370301667291
0.0003923374841292597741196
0.0003908673545249077862541
0.0003894186813265028022576
0.0003879908196378567758825
0.0003865855103443063649216
0.0003852009243932173927771
0.0003838388059662088181746
0.0003824985227742972631118
0.0003811794482827099883777
0.0003798833295610830893332
0.0003786083615437834141645
0.0003773562942693621025982
0.0003761265131125733824670
0.0003749184090300178816280
0.0003737337345402323577140
0.0003725718845673585237488
0.0003714322595441667479790
0.0003703142653856258069943
0.0003692208333254546129276
0.0003681490253708344091536
0.0003671017730561867129825
0.0003660773202017030686362
0.0003650750893326919297582
0.0003640980106587408536740
0.0003631431744848396788242
0.0003622133961135736465557
0.0003613063666264389921581
0.0003604220000160750854608
0.0003595602137756960178794
0.0003587209288996059237085
0.0003579029105887476911070
0.0003571049321644737721895
0.0003563280890253555494539
0.0003555711637717725659771
0.0003548341017750087744535
0.0003541156983389255391223
0.0003534159092091031782214
0.0003527335423282614403420
0.0003520697138548718003667
0.0003514232408632529669479
0.0003507929483863248204881
0.0003501811094407605720949
0.0003495842635317750212755
0.0003490046891900576517959
0.0003484400860090672638614
0.0003478915923387359155489
0.0003473592041726900861605
0.0003468406408593401025163
0.0003463370501692269553921
0.0003458484407544117544483
0.0003453725511938068913967
0.0003449105381601322100303
0.0003444624223913677284713
0.0003440270942236881013265
0.0003436045831991308731335
0.0003431960523990686302842
0.0003427992734991011018579
0.0003424142869338590833804
0.0003420422630777656563573
0.0003416821171241650207523
0.0003413338962411559761832
0.0003409965253641338554270
0.0003406711821634827758350
0.0003403567975871140218781
0.0003400534297213896484796
0.0003397600184142907488519
0.0003394777470226888541061
0.0003392066782659219339666
0.0003389457596070825852637
0.0003386961751397606968685
0.0003384568768961680371686
0.0003382268223122116609231
0.0003380083108507706815202
0.0003378003006592213944455
0.0003376028650681709569747
0.0003374148827973061414223
0.0003372371088072093872796
0.0003370679961279419360569
0.0003369071102966853100899
0.0003367540192003525521824
0.0003366093966059360018464
0.0003364706065821805982055
0.0003363394297612468325856
0.0003362132386924508156353
0.0003360938137865366747044
0.0003359785358123050752303
0.0003358691847383820684725
0.0003357631493225977340096
0.0003356611138290685231352
0.0003355637600178333211816
0.0003354684882609585815788
0.0003353759847508251614075
0.0003352869330811602036589
0.0003351987448706652953680
0.0003351131966727467748589
0.0003350287951169204567203
0.0003349440525546589723233
0.0003348607437765993674779
0.0003347773830407242711717
0.0003346946572250848652569
0.0003346100030993074282010
0.0003345251928105867373492
0.0003344387504390527489362
0.0003343513642379683297942
0.0003342626413411238094249
0.0003341721901878476059904
0.0003340796204951515004089
0.0003339845432281271465566
0.0003338865705683650509164
0.0003337874621379174466113
0.0003336836099759019113112
0.0003335767749378605508820
0.0003334676406854005089805
0.0003333536807431331330277
0.0003332355818138175865620
0.0003331129604612609166649
0.0003329854341312304738185
0.0003328536860389108261241
0.0003327173321748407540388
0.0003325749263345281585280
0.0003324282127130249921837
0.0003322757453298434563230
0.0003321171426493011087124
0.0003319530824488987398070
0.0003317821231371076364132
0.0003316049454365718501987
0.0003314211875033542436045
0.0003312304918413267926756
0.0003310325009422808591707
0.0003308279100482037419877
0.0003306153065606733630621
0.0003303964341647868578969
0.0003301688288790042657798
0.0003299352785578073049208
0.0003296933193894306364860
0.0003294446824467251334206
0.0003291879526634940893517
0.0003289238080543914737736
0.0003286508341757040903633
0.0003283707484877447404896
0.0003280821339649329449265
0.0003277856585246382821811
0.0003274799053107273032193
0.0003271665773510656557987
0.0003268432168334816181367
0.0003265125578219256886718
0.0003261721413638617042899
0.0003258226204139255005078
0.0003254656769872674485465
0.0003250978185800022790541
0.0003247217560827894049583
0.0003243360628595141903485
0.0003239413754048416061414
0.0003235372959333888400954
0.0003231223972258896737220
0.0003226983366997351562223
0.0003222636838757402585193
0.0003218190617732577226209
0.0003213640640355677367476
0.0003208993066909570594097
0.0003204243783725308782583
0.0003199378451407319844460
0.0003194413376709868274128
0.0003189344387540680092127
0.0003184167302590424405290
0.0003178877931669588574257
0.0003173482243939315075761
0.0003167965845640418058766
0.0003162344819937119052948
0.0003156604748445610746435
0.0003150741373623679392538
0.0003144760551821039517087
0.0003138657984171090969266
0.0003132439467605375852700
0.0003126090571069527809106
0.0003119617754968689003758
0.0003113020131356856361540
0.0003106307550877970293478
0.0003099469696987661800243
0.0003092526407641842112195
0.0003085457281618079984284
0.0003078282080930355409445
0.0003071000438744901249108
0.0003063601960959040962883
0.0003056106269282529057721
0.0003048502922952651505821
0.0003040801460990852789906
0.0003033001395500827522024
0.0003025102220101413656728
0.0003017103409909804162536
0.0003009014365361689321600
0.0003000834496922002861755
0.0002992563196467517986146
0.0002984199837203110102640
0.0002975753680807938813917
0.0002967214137369146359155
0.0002958600301539933462650
0.0002949901536386935300971
0.0002941126963936264320822
0.0002932275788969172900141
0.0002923347197050790583286
0.0002914340354454035314676
0.0002905254408099288429904
0.0002896098311100289137907
0.0002886871144539746546209
0.0002877562162587722974227
0.0002868190031837440732293
0.0002858743958924194134355
0.0002849232728579751154283
0.0002839645527308977206692
0.0002829991084143721304447
0.0002820278073783536961806
0.0002810485882143818757613
0.0002800632892538215158729
0.0002790717945097227000069
0.0002780730144409347139554
0.0002770678032490433788902
0.0002760560398912584290608
0.0002750366325610728449394
0.0002740113963141379226605
0.0002729802028492295793739
0.0002719419559236875279067
0.0002708965271109098414508
0.0002698447514663675802886
0.0002687864954255495680835
0.0002677216872632393268941
0.0002666505056451105837821
0.0002655731899735106231117
0.0002644909377789082219508
0.0002634030218645821378592
0.0002623096750789655597427
0.0002612120860493025902363
0.0002601095241612877916569
0.0002590031725503778490226
0.0002578932539492485441664
0.0002567790351039746341195
0.0002556616915726560930640
0.0002545414413667680588599
0.0002534185010907140530277
0.0002522921351344487592497
0.0002511644601546513715443
0.0002500347372540325614418
0.0002489031781744725432826
0.0002477690461563883416764
0.0002466344467051136786148
0.0002454986403160289046115
0.0002443618349418900546552
0.0002432251817846204679230
0.0002420869982684544982881
0.0002409493773300361535265
0.0002398106383953982269786
0.0002386728696932948596242
0.0002375353326079201370449
0.0002363972913181332788975
0.0002352608272299523651475
0.0002341252025766062995222
0.0002329906188898004954640
0.0002318563415648050964404
0.0002307244431937485686004
0.0002295932533790303177283
0.0002284648403666331064471
0.0002273375361101584186257
0.0002262124730749817983974
0.0002250889186624082673703
0.0002239689324451395006921
0.0002228499220679210199216
0.0002217339452408665083794
0.0002206211979222666300440
0.0002195109490696088084313
0.0002184033960565776326303
0.0002172987357136208223969
0.0002161971643250182231050
0.0002150988776275884338703
0.0002140040708113600642203
0.0002129129385225185413892
0.0002118256839156593877935
0.0002107416258337768851221
0.0002096610138246789069999
0.0002085850150068241349276
0.0002075120401822935561550
0.0002064441725859185558685
0.0002053807408137936258048
0.0002043219911296780965000
0.0002032672550123199126538
0.0002022176934503803753633
0.0002011735511055717611200
0.0002001341604009664401371
0.0001990988565818982501242
0.0001980697082992423818833
0.0001970460493398401124587
0.0001960281250403747023946
0.0001950152727839671968572
0.0001940077400118564541088
0.0001930066802830557055187
0.0001920114332220489346010
0.0001910222463070445318711
0.0001900393671663693580167
0.0001890630436494647687116
0.0001880926217032984082162
0.0001871283522118435678309
0.0001861713870976671294025
0.0001852201761595193094806
0.0001842758731763169432246
0.0001833387311581113085588
0.0001824090038127467979304
0.0001814860489405179422469
0.0001805701241841837026165
0.0001796605929572621461032
0.0001787595056684100993695
0.0001778653333028772196445
0.0001769792323644069455876
0.0001761005733399025161186
0.0001752296221079486778036
0.0001743666456539356068509
0.0001735119120937536325942
0.0001726648018338039697935
0.0001718264757093581132641
0.0001709963180040335612581
0.0001701746038008275746338
0.0001693616093438434020823
0.0001685567270371625598659
0.0001677611219469987995003
0.0001669741902695096383291
0.0001661970977359597415133
0.0001654283623155074190413
0.0001646691148684501654082
0.0001639194531637010903476
0.0001631776796696793698557
0.0001624464989340934043417
0.0001617233394010869976243
0.0001610091495725514908720
0.0001603039998449319050115
0.0001596070862578993743933
0.0001589184843408125995430
0.0001582391452566475988951
0.0001575682713302522044724
0.0001569050691275453385341
0.0001562504934536333993551
0.0001556046259100256280890
0.0001549666786095663334553
0.0001543367374316111442778
0.0001537148891815210284117
0.0001531012215409764513647
0.0001524949554934573931787
0.0001518970493604030662458
0.0001513067271510827322811
0.0001507240818582522481200
0.0001501500716946757400805
0.0001495830611490129983566
0.0001490240104583626524603
0.0001484721528691102172045
0.0001479284483417728029118
0.0001473921327976247450369
0.0001468641658993556902563
0.0001463429268763997309101
0.0001458293773232021588778
0.0001453236186134808523816
0.0001448257527527568118333
0.0001443350259849792165037
0.0001438515438492740346806
0.0001433754125889329913892
0.0001429075934031772689928
0.0001424464848784830791999
0.0001419930505310038407196
0.0001415473997798297157383
0.0001411087916367652600035
0.0001406781901108652120275
0.0001402548575852819790540
0.0001398389094949326928730
0.0001394304623401702023563
0.0001390304814081112934863
0.0001386373893781691875662
0.0001382521545991840714301
0.0001378740527293804204057
0.0001375040531554015113200
0.0001371422364403781363456
0.0001367876687689219175181
0.0001364402208220136844107
0.0001360997655067061867101
0.0001357670191782963373985
0.0001354401760775145657431
0.0001351207975357594597531
0.0001348070851132397241293
0.0001345006017310528326474
0.0001341995562029221463266
0.0001339046760186224935621
0.0001336150154884323281758
0.0001333313048984461864684
0.0001330526041025713649118
0.0001327796459978988340579
0.0001325123291748642813566
0.0001322488886725473728172
0.0001319908949617193318765
0.0001317382519954425569488
0.0001314892041567684096044
0.0001312453225777881788295
0.0001310056866345427181633
0.0001307710368603297692355
0.0001305396288379257331395
0.0001303130333150150641560
0.0001300903372807740525623
0.0001298706314553489215950
0.0001296554852438300123926
0.0001294439902451338577499
0.0001292368887356458613536
0.0001290324519127663031263
0.0001288314236899453923014
0.0001286337239712903742460
0.0001284392728832538298298
0.0001282488108683137336113
0.0001280606171554258209365
0.0001278754328649329215402
0.0001276939962415533761936
0.0001275154076993669980105
0.0001273387701203062096541
0.0001271656370160608785259
0.0001269959252549610810665
0.0001268279218424335345362
0.0001266631748874765743366
0.0001265007864799010735713
0.0001263414862403795053871
0.0001261843765229017210600
0.0001260293731453556744220
0.0001258772019972415393257
0.0001257269657580936900263
0.0001255785655713731235796
0.0001254334674658160733111
0.0001252890790895886915287
0.0001251476596026144573210
0.0001250074268888007344470
0.0001248690218664719577338
0.0001247322774119469408760
0.0001245962217623494076163
0.0001244622976309460275768
0.0001243287294103900722086
0.0001241969573506119541538
0.0001240652088437566588977
0.0001239349219348813251063
0.0001238051278695219349808
0.0001236756608814674823164
0.0001235471549382260146328
0.0001234186446419735126365
0.0001232907637320650780927
0.0001231625493436443695427
0.0001230354318542201260637
0.0001229076531807019707042
0.0001227798472543166431650
0.0001226526461913316759164
0.0001225242982913043033981
0.0001223962314002421600256
0.0001222674908997593325177
0.0001221379177357577222509
0.0001220081451510853529172
0.0001218780139250047320947
0.0001217465756193486639330
0.0001216144641493190954205
0.0001214815228565473083280
0.0001213475958695342722150
0.0001212133155598092736690
0.0001210769518241615116472
0.0001209399251965223288886
0.0001208012948957601253967
0.0001206616930384728171490
0.0001205201809967280403551
0.0001203773902873638180925
0.0001202331670663379356362
0.0001200873575947670611648
0.0001199390264208369586123
0.0001197895837649285690971
0.0001196388736446596899599
0.0001194851801568543313596
0.0001193306878576756962628
0.0001191736804851253802304
0.0001190140019776965939462
0.0001188530500001537385836
0.0001186891283965858996143
0.0001185237233969331521353
0.0001183552319454834778371
0.0001181851533839581167495
0.0001180126580877188617862
0.0001178384641579225929411
0.0001176625125484560152210
0.0001174839701490598822342
0.0001173027760170905622406
0.0001171204091335992090355
0.0001169360304878287395861
0.0001167488015358393430888
0.0001165609604617571463253
0.0001163701251985392652556
0.0001161777582239813315325
0.0001159830133679464565441
0.0001157865780801485344276
0.0001155883693670045712096
0.0001153883022839557472537
0.0001151855252696739641272
0.0001149814797097345437467
0.0001147753098325687923925
0.0001145669235305497510313
0.0001143562271115834331038
0.0001141438870321990573051
0.0001139290438712049270166
0.0001137123602113191583093
0.0001134937352401234149629
0.0001132730671219371972784
0.0001130494945566376345774
0.0001128244317859680533175
0.0001125970154882341282051
0.0001123671410106244858028
0.0001121347033200522161356
0.0001119003526489675592924
0.0001116639817622810276244
0.0001114247291205379620160
0.0001111832431193501954849
0.0001109386637718179742995
0.0001106916388161235627937
0.0001104428139994326207862
0.0001101905793334473582451
0.0001099355822845448239083
0.0001096780935370645032687
0.0001094177087724673523702
0.0001091545496220140850068
0.0001088884384996161123083
0.0001086194232000172642466
0.0001083473277668731566672
0.0001080722012792400789838
0.0001077939715042037740382
0.0001075127513872969290537
0.0001072286069664549315638
0.0001069416788966840326652
0.0001066521077443895361295
0.0001063598853363990166462
0.0001060653006642357857854
0.0001057683452284108755479
1