0.0000000000000000000000000
0.0000000000000000000000000
849.6093659102886022083112039
417.0951904457979821927438024
243.5361031743865112275670981
158.8597474711922075130132725
111.8738170737635186924308073
83.3001991033303283984423615
64.6432089962779627967393026
51.8214086226350474362334353
42.6233393625841472385218367
35.7769367700483655880816514
30.5809757647120861179246276
26.5004689364038412691115809
23.2345726132480336900698603
20.5564196373792569261240715
18.3753501261798994903529092
16.5747795507833188821678050
15.0512085274675282420275835
13.7636367519426396910375843
12.6434846514993513011404502
11.6716269671073735736399613
10.8231193050365757102326825
10.0732891520011573760484680
9.4103734214547607450640498
8.8230197933005616306445518
8.2961017740320812663412653
7.8244849065555746037148310
7.3989958505035815505834762
7.0130165839249265502530761
6.6630110877038317696019476
6.3410365385493392409443913
6.0490261790805828212569395
5.7803303899895031037203808
5.5321921675087510905655108
5.3055411121664182161339340
5.0938998529297414563643542
4.8979655251085967293533940
4.7163878146494901955065870
4.5474565026448221516375270
4.3898322003368424049085661
4.2422912890420434450788889
4.1039549498625795820316853
3.9740429118084139581412728
3.8519756990889599812533106
3.7372708754383472395943500
3.6292078163949543778699081
3.5272237879624586120996810
3.4307977695259759265411503
3.3395004304611357603960187
3.2531083616621772058863371
3.1714123416104857966502095
3.0939371093998646600198299
3.0202120001232763968346262
2.9499277597605897405230735
2.8828350087760501452294193
2.8189400667346005135982523
2.7582355683592685302585323
2.7004444880809814755195930
2.6452368118839926225405179
2.5924310232023706213055902
2.5419026963714488331902430
2.4935187440811099612858470
2.4471720553403164544192805
2.4027400745418119321072936
2.3601420390788097058987205
2.3193208532978859537365679
2.2801525106169768797315101
2.2425011611927088139850639
2.2062327087790976065662107
2.1712432836994253193552140
2.1374461232879848893162489
2.1049196634758806645493223
2.0737309112744899408653509
2.0438192415340248331290240
2.0151194044169931096632808
1.9875195065916451131471376
1.9608275057627226889422900
1.9349794803017723587856835
1.9099752564241705421466122
1.8857915054498162188423294
1.8624100759967605611677754
1.8398098255395305411497020
1.8179409885322190820744481
1.7967767807747918595850933
1.7762853238030467117880562
1.7564387724945595969927581
1.7371829064186921076640147
1.7184754827335346760719403
1.7003004365572840228537643
1.6826366132074572767862719
1.6654697123984216755587795
1.6487812851070522413010622
1.6325646429053992658708694
1.6167973384295899474949465
1.6014735280512419901555177
1.5865722351598960937479887
1.5720785463686068883504277
1.5579830423487679436078679
1.5442577060072393280165670
1.5308993729508977299502703
1.5178911049729788551587717
1.5052213036503423460032991
1.4928701571017171101374288
1.4808275400501378360473836
1.4690795550660284973787384
1.4576130180592270502160090
1.4464154162546929427435316
1.4354709041648150424919095
1.4247761982750739573333476
1.4143165357697387030100344
1.4040815797784564900041460
1.3940646319091547500335082
1.3842554944610372391622377
1.3746444798952743848730051
1.3652223820938844678352098
1.3559838884077037857167625
1.3469205016226502014120570
1.3380208150875996242490373
1.3292805724197922501161884
1.3206924489125573263237357
1.3122494705068845632922603
1.3039418846692698572553581
1.2957665740776687091084796
1.2877175047351456793620628
1.2797859613806568113147932
1.2719695163532553916496681
1.2642600644039796442541501
1.2566527457028964231966484
1.2491457058457335893564277
1.2417316501060102762465931
1.2344038141537754249554837
1.2271643754315506580354622
1.2200050010017169377363189
1.2129255331225834435571187
1.2059206865210838621749190
1.1989904429705551258678042
1.1921298003386400221614849
1.1853364307975240432568853
1.1786056980882404499055838
1.1719402813222110637525475
1.1653333466368904769439041
1.1587830009460584612668299
1.1522896889156930555486724
1.1458470922745180864410486
1.1394558209110710045308679
1.1331077245096687899916788
1.1268015012204126712447305
1.1205337793527043732666471
1.1143013448850764834929805
1.1081011340469362203009496
1.1019281194437808846231519
1.0957852588158381035299271
1.0896693288200633986662069
1.0835811684983531755221975
1.0775196307911982795957329
1.0714874254058686098289854
1.0654795863824664259311703
1.0594988157664628758425351
1.0535421656836991832761896
1.0476086346628894485633055
1.0416936812733808004338698
1.0357965122430192739244603
1.0299163653518328409575133
1.0240490585020267655380621
1.0181957165070838478015958
1.0123540381639499763366530
1.0065234901535367040281699
1.0007035601472873409534259
0.9948937559378088213435376
0.9890936046057106079132382
0.9833010648278752707796002
0.9775188920301001171964117
0.9717435104230297548966178
0.9659745697449588774929907
0.9602132489136150361730415
0.9544576485508260432766292
0.9487073287740870330964071
0.9429603768474986713599151
0.9372178606673065015542079
0.9314793674692662950320710
0.9257430845062207813711552
0.9200100798488383135875779
0.9142799884827834677736291
0.9085510891159895852098316
0.9028244464781735034719645
0.8970983957277685050257787
0.8913739974766795581828660
0.8856509537930832287599969
0.8799276790881621623796605
0.8742052260670885033277955
0.8684833309588561034431109
0.8627604811392997063990151
0.8570364727478297917073746
0.8513135781297170856518619
0.8455903136652885843105310
0.8398676731763421443588413
0.8341466103987931202112804
0.8284280404849595491612035
0.8227093233298395924535384
0.8169937282897042907237051
0.8112797303672011350883508
0.8055667377779005544624624
0.7998518619261805184805780
0.7941367908497021232960833
0.7884176213916084252630867
0.7826960739993420457238926
0.7769705519962778472731202
0.7712405941139552911778310
0.7655110748624955885333065
0.7597803650801120411983902
0.7540500272112192758910965
0.7483225989812959388913782
0.7425984753013956662925921
0.7368790501212619803439452
0.7311646599578769389893296
0.7254536362758765566383090
0.7197463438702104143729343
0.7140431334861444545580866
0.7083433735839441691695129
0.7026464546237466413103334
0.6969536909853569772721471
0.6912635210068206470523933
0.6855772410883989032015506
0.6798961010988375797126082
0.6742203880607555710469114
0.6685494680845637249788638
0.6628845320600068591332388
0.6572258344359334092388281
0.6515745057898078007596609
0.6459298793592592735635094
0.6402930517202159999001765
0.6346650804838530612883574
0.6290452734473086504607409
0.6234338089617637024275609
0.6178325408580199740171679
0.6122399208420854499479447
0.6066585879096836331214604
0.6010878088558031517862901
0.5955285000331109745985714
0.5899807383066630883661219
0.5844445956869125380350738
0.5789217268628678025876866
0.5734121555586094709511258
0.5679159020444441985375761
0.5624345320684068783023690
0.5569687898389553692979348
0.5515178686734066859642667
0.5460840079692323989490887
0.5406663733714064390412091
0.5352663851251913129658533
0.5298831955465879151034869
0.5245174209783787233618568
0.5191689229038343178501691
0.5138390049203738207950209
0.5085260665686781589300836
0.5032313912213710604959260
0.4979555152045228028079293
0.4926996531980084581547885
0.4874642857615300584050999
0.4822512504733622584751629
0.4770602772658052437293463
0.4718931321402151102262224
0.4667501790041089226868110
0.4616317663657439340774147
0.4565375656725575992389565
0.4514679109125341871511239
0.4464237739824370443386670
0.4414047986248507693396448
0.4364106345982556312002032
0.4314415754351251797160671
0.4264991680625485614974934
0.4215823955088471852725718
0.4166933857386398432076646
0.4118311033151421662878988
0.4069963829579521519264063
0.4021906413148899628318134
0.3974134314036293913474651
0.3926649160934849169812821
0.3879458464507123394149346
0.3832569475673467951359896
0.3785977413006532676931215
0.3739689279788098730250567
0.3693711835949668453871197
0.3648040072090280583338995
0.3602680523982363380852689
0.3557633812955031671343420
0.3512911790013356627682128
0.3468509108914541450019442
0.3424426092411688715699825
0.3380674069523323388430924
0.3337253027289566742474847
0.3294157450644588092103504
0.3251392764325062301189462
0.3208964200377487641091534
0.3166866113214924505214753
0.3125103581277470232713256
0.3083670954448115009149944
0.3042578402915259716543517
0.3001825374546728819602492
0.2961411286338807014040242
0.2921340866527342705616377
0.2881619494105937540062712
0.2842247498039828235150139
0.2803230186890262598531365
0.2764572685033359067396930
0.2726270000768599155449579
0.2688332034070650689017157
0.2650758574926584953956876
0.2613549372325947306450189
0.2576699294372405413255933
0.2540222535361852940205551
0.2504108984699319195854628
0.2468367738572643244054916
0.2432998179331409271952680
0.2397994969901596773453889
0.2363366840113670652723243
0.2329112995050242607142366
0.2295237214881906406827028
0.2261733995158687615667503
0.2228602466564079398470000
0.2195855283061969309699180
0.2163477814934623988385454
0.2131482507129414394331235
0.2099859291951582662694165
0.2068615924543295570003920
0.2037746791483163733005313
0.2007255074958962104414439
0.1977139510939978916947979
0.1947398822249134242579061
0.1918035992149762780645261
0.1889045394543344691395959
0.1860429938871208388473377
0.1832184029803145819403909
0.1804310506179479245414399
0.1776812097895563991034606
0.1749683184766991639325084
0.1722922335832328399884972
0.1696528113427451245343036
0.1670503123124454092351954
0.1644845844128983158860535
0.1619550749568172409720290
0.1594616381230836432703057
0.1570041276655906870018953
0.1545820036864663515885354
0.1521951260486191781495791
0.1498433542092154902025669
0.1475261607530535257204463
0.1452434111071072009302441
0.1429953524141808762770722
0.1407814629182340682156394
0.1386020093661951002594890
0.1364569710455294515583091
0.1343459751309355743043028
0.1322690253043229124951807
0.1302264912484299708150814
0.1282176294307290076446293
0.1262424401097714532493654
0.1243009204272983031502875
0.1223927033638963490780327
0.1205174269742695231100171
0.1186750914656937022639838
0.1168653389094977540496600
0.1150885227925007303628746
0.1133435807864558858559789
0.1116312178053367049068711
0.1099507307279650736298038
0.1083021200854985405248598
0.1066850399545756777897054
0.1050991491796376825496040
0.1035447913238360800880500
0.1020209471977868154191071
0.1005279623248773041011006
0.0990651685811685112081904
0.0976325751220756543613533
0.0962295263860145355661047
0.0948560367749722438412974
0.0935121179780184913488128
0.0921968016599717943293513
0.0909104337918817950736639
0.0896527060245859153120307
0.0884229934549538854060557
0.0872213199719002740817331
0.0860473893833906683381585
0.0849005937228173440667334
0.0837806494985130489894232
0.0826875893867078243237856
0.0816211324472180671518728
0.0805803829408787558596927
0.0795653843811087446713515
0.0785758713178843215541036
0.0776115817264408924813779
0.0766716510204882156775952
0.0757564359449400953616660
0.0748650845520810737099282
0.0739973569996474900278827
0.0731530164726790499418740
0.0723315337457971774259846
0.0715329762759692039386650
0.0707568235858507671443007
0.0700028548681813911347405
0.0692708540087950824792884
0.0685603272113701756040882
0.0678710774641282793551156
0.0672029101016794194745074
0.0665550650724131831470487
0.0659273606848716359207785
0.0653196173847940403378587
0.0647313780325246834745911
0.0641619147006697726487445
0.0636116202171541494925222
0.0630792247122214239096749
0.0625651274316505051631410
0.0620688998061673172235153
0.0615901203357646712110984
0.0611281041237281552724880
0.0606832545293404246322666
0.0602546272998869397730104
0.0598423611098009566866551
0.0594457953395086044490192
0.0590650728220146192803952
0.0586995446206184587345511
0.0583488346111761674306351
0.0580130933612670388055399
0.0576916907319572278001196
0.0573842653708835498393981
0.0570907184914575122069991
0.0568101862296630649717954
0.0565430910720803522884204
0.0562883288712005824816487
0.0560458226337336370970199
0.0558154961641742497491236
0.0555967750216702707999339
0.0553898398465326319284330
0.0551938784848988658882085
0.0550090774715534941430306
0.0548351294702987962503826
0.0546717322220468190940856
0.0545185884594108702283499
0.0543756474546549725679334
0.0542423778476724960384558
0.0541184968663363658025744
0.0540034880315861803845578
0.0538973183258775398463136
0.0537994824694144960219866
0.0537097190102694688196294
0.0536277708000406430621787
0.0535533849187309410333491
0.0534867766647806192059633
0.0534274641659957943984338
0.0533752037164625173226717
0.0533299728387218521796775
0.0532917024946694267706349
0.0532596320980604151507087
0.0532336919476874489975948
0.0532133633683220946819503
0.0531983604485416344820337
0.0531884020103177493354885
0.0531829895071699310094004
0.0531816328272495530971042
0.0531847305397326469700303
0.0531913592625024647664311
0.0532021387372917792246696
0.0532161570608691569805870
0.0532340320755160661958527
0.0532548631090316512692873
0.0532790515606817033367193
0.0533061376109360066100074
0.0533356691231696086741287
0.0533676249995768750555847
0.0534015627089309413699780
0.0534370471106005370809378
0.0534740684563104126669764
0.0535122007469073790453251
0.0535514396991201707676211
0.0535915746364253944844513
0.0536326039456166483998523
0.0536741166117810780677999
0.0537163200129480780664615
0.0537592150758006773192399
0.0538021962407858878041367
0.0538456745819549872922316
0.0538888514975463667200373
0.0539319398734560556674111
0.0539745526466356567718563
0.0540163091739647022171411
0.0540574267358010021600201
0.0540975299668402243025156
0.0541364453142155338527530
0.0541743917426708576634553
0.0542110027724987675323831
0.0542463044036665537062092
0.0542803223376461807525573
0.0543130819825808006107160
0.0543444175870109458248436
0.0543741661939028536609797
0.0544023569346162166882053
0.0544286414567300078082290
0.0544530527670092079350894
0.0544754364245618322160070
0.0544956406007038110517193
0.0545135056902306819326398
0.0545290183991402471752608
0.0545419714313470152533547
0.0545523443121149198553610
0.0545602997091833782916659
0.0545654520829389477754034
0.0545679657677083027045306
0.0545676416664608518458657
0.0545642839555338515777905
0.0545582373135042111855775
0.0545489492189907068664390
0.0545367643984439251503282
0.0545213143389007490191567
0.0545025890267185342263900
0.0544805787487930015533522
0.0544552740819830780050204
0.0544264916009066374025238
0.0543940508358430191426791
0.0543581201087423582229974
0.0543183484536563093714179
0.0542749052577178800471636
0.0542276155211815907852824
0.0541763070313929021026844
0.0541213192999049075293527
0.0540623107311642425720777
0.0539996185122131461264772
0.0539330716212274921539382
0.0538626688157011757063231
0.0537884089655510932992399
0.0537104568922790737151018
0.0536284793610859455981199
0.0535428066201380642441521
0.0534532721024911713914030
0.0533597118024547109604860
0.0532624525241977633815971
0.0531611676593068821494725
0.0530561817340459013214726
0.0529473316740135674374201
0.0528347775991908491510785
0.0527181980365890798245765
0.0525980721972689260756972
0.0524742379517332269145413
0.0523465356113321025888219
0.0522152801736863111936593
0.0520804683932114750866127
0.0519419408553155534380430
0.0517998519448668523490475
0.0516541987274138150731950
0.0515049783754205833807838
0.0513521881684812844803822
0.0511961323311304478123063
0.0510364988656633392083428
0.0508735896602383677600479
0.0507075505264027240337477
0.0505382227356687557806580
0.0503656006099312686385971
0.0501901291306885571907870
0.0500114988186763850808170
0.0498298519654532812150904
0.0496451803352746870445777
0.0494577719499513998591134
0.0492673207563279480503127
0.0490741130543998413382489
0.0488782846901998427324720
0.0486795317947629341270854
0.0484781365853697993051341
0.0482742324455336241362247
0.0480676621086634503488000
0.0478585583811718534574808
0.0476469088597749890201527
0.0474328442666790972559454
0.0472164935479850167432403
0.0469978419881163025917381
0.0467768751133466401115335
0.0465540014561647008672907
0.0463289217471254607949582
0.0461020406204353042078914
0.0458731992859640683168898
0.0456425191230131477304610
0.0454101198536908945424528
0.0451761195619436589643314
0.0449404971558787016960856
0.0447032318268444986419929
0.0444645762765984373099393
0.0442245074472301311074851
0.0439830025746947572695689
0.0437401744076389639714897
0.0434962689055785611813576
0.0432509914275332474353775
0.0430047205527484613374334
0.0427574295056771178091815
0.0425090918249446669818781
0.0422598138623567348703958
0.0420095684320369935904615
0.0417585918917716333864654
0.0415068550280494052984182
0.0412543289556215123092819
0.0410011154127063251473295
0.0407473147192665002824796
0.0404928963610964309793872
0.0402380949242370986040918
0.0399826544492705299171931
0.0397270979031672175074696
0.0394711749152783161753710
0.0392150202527701066679278
0.0389588937200022328299909
0.0387026722248056884168044
0.0384466123681425422931035
0.0381908416712965562145321
0.0379351102208451695929625
0.0376799201994583235486580
0.0374250206951393660226302
0.0371705359982890809478207
0.0369168359139507643029710
0.0366635461595516895516589
0.0364111568376152480719377
0.0361595396135729815756399
0.0359088117497066081074131
0.0356589673065511383875936
0.0354101215722418816156392
0.0351625091171784212584761
0.0349160000912118115290461
0.0346705862964057504038706
0.0344264989267467833022884
0.0341837275724763689499497
0.0339423808047084607508737
0.0337023286807676611398499
0.0334639154797657933926303
0.0332268921415884779801964
0.0329914823388395631043046
0.0327576727858202923493458
0.0325254503091331192976554
0.0322950344487097848467094
0.0320662941279836744001841
0.0318393310029540105299262
0.0316142454046316745408518
0.0313910215114785728918179
0.0311696436492711614896223
0.0309502104186861991264035
0.0307327053710548768472588
0.0305172256311223126512555
0.0303036409388574949630435
0.0300922734563809635144338
0.0298827671217903392819615
0.0296754423246850841666689
0.0294702804406738252951392
0.0292671516979736978658622
0.0290661498368245223289374
0.0288672567552871808804760
0.0286706751243810814555601
0.0284761706765102456939687
0.0282838625576823134155635
0.0280938738207208264785475
0.0279062170053483854514909
0.0277210130652794546624040
0.0275380565423742340591673
0.0273575762727365119630907
0.0271795829845141584391044
0.0270040872129733884599023
0.0268310993025802045630623
0.0266606294091257661760253
0.0264927938429035045309057
0.0263274954073601380466485
0.0261648494117902689903854
0.0260048643318349544106827
0.0258474434062317647009532
0.0256927004737175571080776
0.0255407479485309403532955
0.0253913844505033181597753
0.0252448262071381379634261
0.0251009762821706068625094
0.0249598420281236417495041
0.0248214306487677567603090
0.0246857492023527178015563
0.0245529068922466543745120
0.0244228076040527396217694
0.0242954579837679103537784
0.0241707631608547891810534
0.0240489325891918431787886
0.0239298708461782132228546
0.0238134835786519699629693
0.0236997776934592327413576
0.0235888598834137520887655
0.0234807359422805825288627
0.0233752129087339659274658
0.0232723971397239166869486
0.0231722949797010802086561
0.0230749126712584129439421
0.0229802563588246064330001
0.0228882342007585871945796
0.0227988530047110171672387
0.0227121194834188390443419
0.0226280402581087239366475
0.0225465250946275362620153
0.0224676777641903378801569
0.0223912159924270319499851
0.0223174363531890053435891
0.0222460580563788451469165
0.0221772804615314733656106
0.0221109201922129253170546
0.0220469853064655559038432
0.0219853878127226932959193
0.0219262289956791908696054
0.0218695149629795568269053
0.0218149704438427051444993
0.0217628843401520902234303
0.0217129828448598093115773
0.0216652741936842821446341
0.0216198592662379222850699
0.0215765604509360088558712
0.0215353865435459999877477
0.0214964381999374169740502
0.0214594482383859488927591
0.0214245181848179734596105
0.0213916572818208944317675
0.0213606928551100319624290
0.0213316354968157706473164
0.0213044957013509457521838
0.0212791937060099155265558
0.0212557405598878292052323
0.0212340575476206924743217
0.0212141562537428510215598
0.0211960481520630343588163
0.0211796556863020624117411
0.0211649908432655006751411
0.0211519770622167202489550
0.0211406268242666853240941
0.0211309524871770015863603
0.0211227031719068356063751
0.0211160680783492628320719
0.0211109726770890675229264
0.0211072562743784691852156
0.0211050201899955040818480
0.0211041916250312086567043
0.0211046123024354569108763
0.0211064698550350315908730
0.0211095208348927240726844
0.0211138667576381694468424
0.0211194373579717022126889
0.0211261631401320239265207
0.0211339753697574808666282
0.0211428907261718528054484
0.0211529257240302449860625
0.0211639283028727913371636
0.0211759160072601156088457
0.0211888224556582016600004
0.0212026655249065061614733
0.0212173796110810830573001
0.0212329829147491593033248
0.0212494105977985396627172
0.0212665942013341123517645
0.0212844487388853531584232
0.0213030502546718535084036
0.0213223100358297008860564
0.0213421403331776754486171
0.0213624543521206411433866
0.0213834102653227102475153
0.0214048401051757652968632
0.0214267395265281788974132
0.0214490235626013381331489
0.0214716886601335615880615
0.0214946510610642023408889
0.0215179079870596069723465
0.0215412970106090596866810
0.0215648167367392812332483
0.0215884658258794701057859
0.0216120845237065470345605
0.0216357518644722662815028
0.0216592308112506758133176
0.0216826799228729411028738
0.0217059424999051925331273
0.0217289417190624015163714
0.0217517576161204602425148
0.0217742360190030549704776
0.0217963796045139886203845
0.0218182684752159447572062
0.0218398275341347390676727
0.0218610595075451191737770
0.0218819671344885231800692
0.0219024765479066511886241
0.0219226675166356022028680
0.0219423903536101541633663
0.0219617250282726148014056
0.0219805232165377201214440
0.0219987894257566048150654
0.0220163772447977655610796
0.0220333675633443935859557
0.0220496903415333643516671
0.0220652013962705090266425
0.0220800567941244821335012
0.0220941130432255432303190
0.0221074510656445767653455
0.0221200027366986670673832
0.0221317745777644264704165
0.0221426993084193439453866
0.0221528574802485299366506
0.0221622554675346451757978
0.0221708263911398091583482
0.0221786500888439784551220
0.0221856599374362917220793
0.0221918591954740687666181
0.0221973098268960847279097
0.0222018528749419359613615
0.0222055473061237226839459
0.0222082356987621763744212
0.0222098339487058864250013
0.0222103303653934068540021
0.0222097133757160579425882
0.0222079002957044323307567
0.0222048803073508008165682
0.0222006426996807296192493
0.0221953182688713751558041
0.0221888249427910667910258
0.0221812221593437573774477
0.0221725687704847629344584
0.0221628530370289109074911
0.0221519934893502287720501
0.0221399791152472290300945
0.0221267295060658605865278
0.0221121650310369607939087
0.0220962068299506118884690
0.0220788457982499693177392
0.0220600040929884097518077
0.0220397419401546570960626
0.0220181189818577580097347
0.0219951259554757652669998
0.0219708218462168689000258
0.0219451970708762905681866
0.0219183778005941076738594
0.0218903536494171116477681
0.0218611143256794392131237
0.0218305822863887957763218
0.0217986807271501013827386
0.0217654676202241360860601
0.0217307997944018345404249
0.0216946021454083246005062
0.0216569333706542570261444
0.0216178516075515442240729
0.0215772157591660566910985
0.0215352824812643471596996
0.0214919764306430935429937
0.0214473544848573713372808
0.0214014073780610242225819
0.0213543222596651836864279
0.0213058927644131611278677
0.0212562401442485532365723
0.0212052245721558313418242
0.0211529020156011708653221
0.0210991985543800449065532
0.0210440409533314727597020
0.0209875499670711049282623
0.0209296533123004939447309
0.0208704077060225430539919
0.0208098054012674921198212
0.0207480300270476598900604
0.0206849453663950667847704
0.0206207338302694560827621
0.0205553861316162336803082
0.0204888930489105086651946
0.0204212454246433944282657
0.0203524970509660965700682
0.0202825757153305766267160
0.0202115976372699845953207
0.0201394905823915337794716
0.0200662452632963082821416
0.0199919767780508544907647
0.0199165510551495145152856
0.0198400208594471487433264
0.0197624384416487317017719
0.0196837323551233914220582
0.0196039546813154448579031
0.0195231569931644047266595
0.0194412680167491969118743
0.0193584001900328726841760
0.0192745431072679010431337
0.0191897471758107202033372
0.0191040016940580044402243
0.0190174774523959033700748
0.0189300419560874642888049
0.0188418046847640373309130
0.0187526938913369807526710
0.0186628182306012475877299
0.0185721059551392161934835
0.0184805455876472790599507
0.0183881852428412796707224
0.0182950131758709624851811
0.0182010177120995736421705
0.0181063054934112073468544
0.0180107462079832220114284
0.0179145049684480348051174
0.0178175104708072247483575
0.0177198092046937684396202
0.0176213887484347291045861
0.0175223534248463742868385
0.0174225737847668211977226
0.0173222118654802713366703
0.0172211964588602946257812
0.0171195725892848114868539
0.0170173848529164353782228
0.0169146198643404521710920
0.0168112670147705783874059
0.0167074410867896205878935
0.0166031441428898772494360
0.0164983782014242012781136
0.0163932021619095889819473
0.0162876175817122242905910
0.0161817393270933876370243
0.0160755115840179631236939
0.0159689918537606126425210
0.0158621808095458297072078
0.0157551352731066657275605
0.0156479115463473636427061
0.0155405094849587095684473
0.0154329289236614774355472
0.0153251696770031666655631
0.0152173426716748980136451
0.0151093915130183480827197
0.0150013155997868082025537
0.0148932247232454531560286
0.0147851175333115029963960
0.0146769377061945135998222
0.0145687939216640766765254
0.0144607391724765662471830
0.0143526621475707494290930
0.0142447249281602832809979
0.0141368706863617601271477
0.0140291515741666449057501
0.0139216192743155612460138
0.0138142709819920085634326
0.0137071038954129746645361
0.0136001152160764894605283
0.0134934094996609389716102
0.0133869297049698365159598
0.0132807261491901043570785
0.0131747953675952732266463
0.0130691339044347633324694
0.0129637914175245033687744
0.0128587641305888435161453
0.0127541011578465139642002
0.0126497456441879100458303
0.0125457991596230021558167
0.0124422047667801013298705
0.0123390108534547141005966
0.0122362130595958951834179
0.0121338592533101509440829
0.0120318926824173368095305
0.0119304130240835831733293
0.0118293634600328424061333
0.0117287394044062586589972
0.0116286396181756318535250
0.0115290096810269568350371
0.0114298563285476113826622
0.0113312398762939088581181
0.0112331176634000908659550
0.0111356007412146632701289
0.0110386461758410197447899
0.0109423131992219639652131
0.0108465589343537359423575
0.0107514422467630856028453
0.0106570215047914387124228
0.0105632536119371865657168
0.0104701965862476625845900
0.0103778576826213178585512
0.0102862440914879768594226
0.0101953629404603757224734
0.0101052212959697029076578
0.0100158760269637783779650
0.0099272840144246313892618
0.0098395018083658261631719
0.0097525359405175419957867
0.0096663434388051770740358
0.0095809803890886686278394
0.0094964531720572748635378
0.0094128172694953413796037
0.0093299805716242200509525
0.0092479985707528827854063
0.0091669263135833768674221
0.0090867209108510260673341
0.0090073884798511447830061
0.0089289836465706508977780
0.0088514637030182811289203
0.0087748346505697391584100
0.0086991024535817730589660
0.0086243211952149699539572
0.0085504484180599794190814
0.0084774899813507970103288
0.0084054995732921120032977
0.0083344349297353910455133
0.0082643018112565705401984
0.0081951059464623939726513
0.0081268530325222937404916
0.0080595961174324912829059
0.0079932459780328105058977
0.0079279028887504418565690
0.0078634779479731034546042
0.0078000239887087534362831
0.0077375465284833027865274
0.0076760510560710615637903
0.0076154963113419611372978
0.0075559346334703085881768
0.0074972784740431740874156
0.0074396272277207796050358
0.0073828942346455712908426
0.0073271323093810443102814
0.0072722553691899165240198
0.0072183623220739975487326
0.0071653673820344715092445
0.0071133231294658750415438
0.0070622359453539592169524
0.0070120207584751367488329
0.0069627756597411775280060
0.0069144158687047714562102
0.0068669481667388660925400
0.0068204699967002371113756
0.0067748517520817867418326
0.0067301907155933593518427
0.0066864932588018696421606
0.0066436757325886016886662
0.0066017898764194936703231
0.0065608422246579379752407
0.0065207945481195175516098
0.0064816535761869865581164
0.0064433368936887428293780
0.0064059406192530626150683
0.0063693382344522913446339
0.0063336256998428484485397
0.0062987214143201564892083
0.0062646326764170022841083
0.0062314548230654525848293
0.0061990627134992214858356
0.0061675515301077904126159
0.0061368406133289572432221
0.0061070247365995833713215
0.0060780235128829636359615
0.0060498877823546301849000
0.0060225376823960508065881
0.0059959373488573334404217
0.0059701810487793206122520
0.0059451895720993453570147
0.0059209274516277944980236
0.0058974455731825503254639
0.0058747085654885398617320
0.0058526813525785984643202
0.0058314574960788229454622
0.0058109590686247110380425
0.0057911939985996708710192
0.0057721701788540817970596
0.0057538954668911465942238
0.0057363353102347905063119
0.0057194977380092618113316
0.0057033469304915082598306
0.0056878831153139601181645
0.0056731049502381294957765
0.0056590111274196610094411
0.0056455165840507181077013
0.0056326623700458447463468
0.0056204057768523031646257
0.0056087460990032443619580
0.0055976410808927790085932
0.0055871318087734739288308
0.0055771762377661154852504
0.0055677740052159771164120
0.0055588835061917505481199
0.0055505046581220502874277
0.0055425962880146792746694
0.0055351996208561271214932
0.0055282327192013609035159
0.0055217778020894793186701
0.0055157124688504661352839
0.0055101188930755592987332
0.0055049160426023438508203
0.0055001452359693392413220
0.0054957259965185984579294
0.0054916997392402307209824
0.0054880268849364583286232
0.0054847487140743623676431
0.0054817856112561449619114
0.0054791789436834971438461
0.0054768496280686446153751
0.0054748790906231654257441
0.0054731885502069289872740
0.0054717794790137214491765
0.0054706533487831904977172
0.0054698116301760404608934
0.0054692161814590871740660
0.0054688686880017337021975
0.0054687708311635333663370
0.0054688848951032799361460
0.0054692127684772559939597
0.0054697563332664969615315
0.0054705174643436870265956
0.0054714589243210253258209
0.0054725827871204175967268
0.0054738911172240263189326
0.0054753859693405133868271
0.0054770305681336971248552
0.0054788659092219688453995
0.0054808553368768083216556
0.0054829624657514314245432
0.0054852667935324887771298
0.0054876533828203573339710
0.0054901940557245581045476
0.0054928052867779823473238
0.0054955571964235274892707
0.0054983666392515945578467
0.0055012273158302595413294
0.0055041710275749756997588
0.0055071153969199586331040
0.0055101303042156702521881
0.0055131337396970968994792
0.0055161576227507475023160
0.0055191582224580456109142
0.0055221674104925120782350
0.0055251416788644055685942
0.0055280753408982266638994
0.0055309627513196717857324
0.0055337983055871410240090
0.0055365764392115695419205
0.0055392543858242002455250
0.0055418268582802503868789
0.0055443257148386979049626
0.0055467085006667277147230
0.0055489700375808232932218
0.0055511420928541889766028
0.0055531456697131562419423
0.0055549758883494835745576
0.0055567013295304999373481
0.0055582801354402628160600
0.0055596707395303163884437
0.0055609414240962318914940
0.0055620141613207706512978
0.0055629206410515615044421
0.0055636559959334865380076
0.0055641791223589960255214
0.0055645215962414158392124
0.0055646786274300584149155
0.0055646093781271189007698
0.0055643453045959188549285
0.0055638816866934804120093
0.0055631420613765653754301
0.0055622295874172798801904
0.0055610679054102184204478
0.0055596882599233364563585
0.0055580504000661218669266
0.0055561854817239861650813
0.0055540889215339034334917
0.0055517561531463867699476
0.0055491472423318923337665
0.0055462931622967575132077
0.0055431893936571125652835
0.0055398312192455854974238
0.0055362130890701504587481
0.0055323643406439649769513
0.0055282090382333080869071
0.0055238115807443640553620
0.0055191312145645649370196
0.0055141971211616598938510
0.0055090034858504815379332
0.0055035445148852567970321
0.0054978144351377150958471
0.0054918074938047640315419
0.0054855524952870677451999
0.0054790090708424117604824
0.0054722059462408295660296
0.0054651372709614296288572
0.0054577629139770690580580
0.0054501114831452717249261
0.0054421771876342331028531
0.0054339883813700412887315
0.0054255050715733043123490
0.0054167555356068207081388
0.0054077338879719629577414
0.0053984342636346962368554
0.0053888508179916697754530
0.0053789777268455265385461
0.0053688429064567772322492
0.0053584404016449168825509
0.0053477306727577889056136
0.0053367750754822231018526
0.0053255340555212592884571
0.0053140017426128042035693
0.0053022056664451299237695
0.0052901398300009725914061
0.0052777982582907093447866
0.0052651749983237700752925
0.0052522641190739984690117
0.0052390928096919860829095
0.0052256550159264130231418
0.0052119447061855757666327
0.0051979229398158082950387
0.0051836825252839415639761
0.0051691515248526980624844
0.0051543567635116797898132
0.0051393248691222149712732
0.0051240169601539228491638
0.0051084269991787389919580
0.0050925815192338101319858
0.0050765068587497325092173
0.0050601642841196928582215
0.0050435476870257884771109
0.0050266842369038437776663
0.0050095723146037114681395
0.0049922112141440279017846
0.0049746323868780960644753
0.0049568028231696857968669
0.0049387538419699075764591
0.0049204845259795950904169
0.0049020259037402076282564
0.0048833768753413211646808
0.0048645044772886386966193
0.0048454395450556863450542
0.0048262126926840783619488
0.0048067909239179812050380
0.0047872047272562272268726
0.0047674843725139699757154
0.0047475652952374547410841
0.0047275092855546645143061
0.0047073148392248222171563
0.0046869804437948284561721
0.0046664732462061084272698
0.0046458857161553049688885
0.0046251223201363858908430
0.0046042752062659172279657
0.0045832802629165560540092
0.0045621980895347233331272
0.0045409957936621125201837
0.0045197026331758195089039
0.0044983167337148965980731
0.0044768670929121161944364
0.0044553208537090865232200
0.0044336761325666400671008
0.0044119617690851460969914
0.0043902064018009751000804
0.0043683465918954323542467
0.0043464416032516651339224
0.0043244587228308964746426
0.0043024263917129136614026
0.0042803424269808720142860
0.0042582046482143361826322
0.0042360108779978394855092
0.0042137892240357030862463
0.0041915373702886490892006
0.0041692228216915240557316
0.0041468735544601537101883
0.0041244872694691245632037
0.0041020917135123563870835
0.0040796544660458428088745
0.0040572031930453909820411
0.0040347055869010889014858
0.0040122190824275483223005
0.0039896825283910926362996
0.0039671283473642592054542
0.0039445897323427282082919
0.0039220403461622385318797
0.0038995132356283513166972
0.0038770116711094428432749
0.0038545388991670171199844
0.0038320981431218914363412
0.0038096631813465159539789
0.0037873254590733845814654
0.0037649998663492451576873
0.0037427482436788866992927
0.0037205735670354915002600
0.0036984496027893656519558
0.0036764085704825318068334
0.0036544242904374569375081
0.0036325579043233672919821
0.0036107831502390731401309
0.0035891028926649695511564
0.0035675199789004592883235
0.0035460372394116200164826
0.0035246863123315620540399
0.0035034410807928315599591
0.0034823014536781633256057
0.0034612988999422802244288
0.0034404274565574188490813
0.0034196897795936397057570
0.0033990885108316068116685
0.0033786262780459552085288
0.0033583085417987928490702
0.0033381378893710305158504
0.0033181168949383242627871
0.0032982481198498524166407
0.0032785341129085410726007
0.0032589802350661968392831
0.0032395861776929554300131
0.0032203572693364100262836
0.0032012931871226312126322
0.0031823964214941582485940
0.0031636750572393707026109
0.0031451259410362340969425
0.0031267515319486119916570
0.0031085542791969237447214
0.0030905394077624550978889
0.0030727009923433691931938
0.0030550470337636550371974
0.0030375744003649377336651
0.0030202882909225441804280
0.0030031855876237493682690
0.0029862687184337801706013
0.0029695403176714812477910
0.0029530011133540412342213
0.0029366520502776003245793
0.0029204940760909473863871
0.0029045363572261324522361
0.0028887716072459649306603
0.0028732062446962529540795
0.0028578412068938790525918
0.0028426774357132255331704
0.0028277131602148300459909
0.0028129547718091707161903
0.0027984005060370602778475
0.0027840513260234123205095
0.0027699082009244166066586
0.0027559721061966523623921
0.0027422440238551934466038
0.0027287249427197721174387
0.0027154158586480481654690
0.0027023177747551490116007
0.0026894290249445886205326
0.0026767533122190917578564
0.0026642916626069281481326
0.0026520397810132602736677
0.0026400013942368674366157
0.0026281749081258670881767
0.0026165614053563364914401
0.0026051619769360051179219
0.0025939750777401755083007
0.0025829991870049964428069
0.0025722380814513514345199
0.0025616902651005063647205
0.0025513516375429341233316
0.0025412286372359874780935
0.0025313171961874373315504
0.0025216159029707160485478
0.0025121285958796214440869
0.0025028512783825162049678
0.0024937878085722151727532
0.0024849342328871642550381
0.0024762892338682628706747
0.0024678567040265731932780
0.0024596327586627890655901
0.0024516187226669133164547
0.0024438107638665397189359
0.0024362128218760404144150
0.0024288211045158619554030
0.0024216369974243557965099
0.0024146567589042795300147
0.0024078843721071093407493
0.0024013161333080864853762
0.0023949529461150822172433
0.0023887910184189975817959
0.0023828336998745398324362
0.0023770512618900780169029
0.0023714802104086813924755
0.0023660959736266349608125
0.0023608994647795642982113
0.0023558916044995187322186
0.0023510480675633538966141
0.0023463699001306324160021
0.0023418581546819322407316
0.0023375390318042623717665
0.0023333632752741426466536
0.0023293571343720414872080
0.0023255216850836231759492
0.0023218080188655699884481
0.0023182673586188730363578
0.0023148758737679070787707
0.0023116098842706281346615
0.0023085204075899601501576
0.0023055341097718796625204
0.0023027019798623395846482
0.0023000004988108575972039
0.0022974310002566561937642
0.0022949701521273388471478
0.0022926440351034335467240
0.0022904539920181508048935
0.0022883768068884149764208
0.0022864139350220677449066
0.0022845423433200846841107
0.0022828125080087829923414
0.0022811769446995830944169
0.0022796372226105980803024
0.0022781949121932014955261
0.0022768758991567302277237
0.0022756573717353022028032
0.0022745166593718686015579
0.0022734796502201335029192
0.0022725237444133831836435
0.0022716747606899489672627
0.0022709101689185277189731
0.0022702316477184367703168
0.0022696649108561342371437
0.0022691635294423894916860
0.0022687292829654715116405
0.0022683878818514726684319
0.0022681409992726161289900
0.0022679425782539202292865
0.0022678421531599946177338
0.0022677937986899936347041
0.0022678462541296188353934
0.0022679504655569635539203
0.0022681280971887565062195
0.0022683770356435890153124
0.0022686715585494175370651
0.0022690096891141691565208
0.0022693894674227490723672
0.0022698324765948775516566
0.0022702897027241423187627
0.0022708062539550880748473
0.0022713332807125920058400
0.0022718923944363270985003
0.0022724583673170237890782
0.0022730527723721352315045
0.0022736504750228161107761
0.0022742730084631401776818
0.0022748953293879529795329
0.0022755389297795009136138
0.0022761788556714280390425
0.0022768134257147129746734
0.0022774409692012873018818
0.0022780598256694436533343
0.0022786913778785234004076
0.0022792878856480631999393
0.0022798707827123196843766
0.0022804384457835212909882
0.0022809663554927894421609
0.0022814758735350969438838
0.0022819654005208351958689
0.0022824333444215719364501
0.0022828553436131655655916
0.0022832526600519965041813
0.0022836010085852810440332
0.0022839215997630629532977
0.0022841902234799343895943
0.0022844280380283038360545
0.0022846109070088437519030
0.0022847373801790490585595
0.0022848285359235919952936
0.0022848828388834616261172
0.0022848762963709975427895
0.0022848074749925229888492
0.0022846749449411526619591
0.0022844996483206364903951
0.0022842577315302925455853
0.0022839477745853729862002
0.0022835906362524546406312
0.0022831625647085846200768
0.0022826621482424304561409
0.0022821101613671938672379
0.0022815049009084504422207
0.0022808217279940614513611
0.0022800580219321524462484
0.0022792332325424556442595
0.0022783446650776538293381
0.0022773896333455724907968
0.0022763654595447323746027
0.0022752475329498246699178
0.0022740551933192404768236
0.0022727857868685840021794
0.0022714366675619904363537
0.0022700051969533662291068
0.0022684887440278141135241
0.0022668846850430013177558
0.0022651904033702792776173
0.0022634249917550417971479
0.0022615640857633081094169
0.0022596267326760932289687
0.0022575886406626783330098
0.0022554472266221431940580
0.0022532430239718586120756
0.0022509302343054361089658
0.0022485062928346085005249
0.0022460115755538298705496
0.0022434004773463013700241
0.0022407132691495308673968
0.0022379258538826074000083
0.0022350356073851528233842
0.0022320612334003038859653
0.0022289787377012897605366
0.0022258067765863758132039
0.0022225214233644991455863
0.0022191412864940971046146
0.0022156848645969707232994
0.0022121070944615449718751
0.0022084476347153212012764
0.0022046615449636901805375
0.0022007883785634288313637
0.0021968253916588693051837
0.0021927383309591386324755
0.0021885560592468295861013
0.0021842716543185162515750
0.0021798844977962503893787
0.0021753918741926722875413
0.0021707952455119953853735
0.0021660939709803091884899
0.0021612894836311262979078
0.0021563790407820087810520
0.0021513640548816576059110
0.0021462438467855162078923
0.0021410180274875068029417
0.0021356915228062244190010
0.0021302612591021260861346
0.0021247303539117727393115
0.0021191018970825583819795
0.0021133748378795325778556
0.0021075501738183183807196
0.0021016309371195288427381
0.0020956180845349459303251
0.0020895125567406739285070
0.0020833152784800455271930
0.0020770332794377921806217
0.0020706633536016856231288
0.0020642104405392998345281
0.0020576774109136923389396
0.0020510630506705863213002
0.0020443701952881265966611
0.0020376016549264832668220
0.0020307561717011674874700
0.0020238365218293893725565
0.0020168434407247218427550
0.0020097776500223865289718
0.0020026398577893552398199
0.0019954327669858521084045
0.0019881570512880813658696
0.0019808153744710448040944
0.0019734063764159609326299
0.0019659326905527912607297
0.0019583969276362619103826
0.0019507976909519644716923
0.0019431375623301830150857
0.0019354151270105546429889
0.0019276349235492382886564
0.0019197955122436166294775
0.0019118974324781169791404
0.0019039431900107297614133
0.0018959293466078498170690
0.0018878623337187149053978
0.0018797406648222395476183
0.0018715648206456328688646
0.0018633352723670102736586
0.0018550564051212224854492
0.0018467247381236788234676
0.0018383446282851910198036
0.0018299125873342172304836
0.0018214329447696212590374
0.0018129061035464277048396
0.0018043285655225333244389
0.0017957046205643496534360
0.0017870327062644625251003
0.0017783136314714997720798
0.0017695499127104224665330
0.0017607464109308391519287
0.0017519021623714258265037
0.0017430219900793351203022
0.0017341087607870356301909
0.0017251653216023789174510
0.0017161945002348033290779
0.0017071991052203356557110
0.0016981800094871364256721
0.0016891399912581999635114
0.0016800837219802203671010
0.0016710101170818458544282
0.0016619257209357645062309
0.0016528294228021973063386
0.0016437258197897056978543
0.0016346137831271313235748
0.0016254978776980252060808
0.0016163807469636182895245
0.0016072612329707683474084
0.0015981457401803892369452
0.0015890311998919034574412
0.0015799220966004681732109
0.0015708210065939044817324
0.0015617286101834452951426
0.0015526455818196415771537
0.0015435763414327083407201
0.0015345215380944802769508
0.0015254836864961526798901
0.0015164615499470622626138
0.0015074594947267088741738
0.0014984781361950104839470
0.0014895180853951926584766
0.0014805799492676287917176
0.0014716643308655171906024
0.0014627755382758001606591
0.0014539123014015726664122
0.0014450752059770490941942
0.0014362666821108778254096
0.0014274873028233001429066
0.0014187376386193878332470
0.0014100200981154366753484
0.0014013334024267061570651
0.0013926799516434046691260
0.0013840603015300722861830
0.0013754731752674497456679
0.0013669227907375952092706
0.0013584078666916620751343
0.0013499271302909341893606
0.0013414866054828201557408
0.0013330815535771999881531
0.0013247152659948829844794
0.0013163893885455182995031
0.0013081055618300988820091
0.0012998654214546707334060
0.0012916687897709425939669
0.0012835191059820656809404
0.0012754161879527468187456
0.0012673616600499463917540
0.0012593571426068295680822
0.0012514042521018758479662
0.0012435046013314389468096
0.0012356580067652952938800
0.0012278660809869259163546
0.0012201304333500191060674
0.0012124526701237517758991
0.0012048326106768568206223
0.0011972718621286574953305
0.0011897702493326152515390
0.0011823293806822003648715
0.0011749508620596106709538
0.0011676345239637969056906
0.0011603819741105296948352
0.0011531930493597481162532
0.0011460693595531908171165
0.0011390125124300398175292
0.0011320205895025534006265
0.0011250969674358232003319
0.0011182414967591208874303
0.0011114540347596665002816
0.0011047361989656896696932
0.0010980878537754266369847
0.0010915088703987315364718
0.0010850026209364572581800
0.0010785672325098331122278
0.0010722025903962301325578
0.0010659120679878334846807
0.0010596938129499901010827
0.0010535494610853042476289
0.0010474789122744876303933
0.0010414820732355283602194
0.0010355605875728194319174
0.0010297143693274500662188
0.0010239450652187081017286
0.0010182508728694284871191
0.0010126334484261542614320
0.0010070927268860207885737
0.0010016286500418363977771
0.0009962428818800364918595
0.0009909336581881687290585
0.0009857025083991120643911
0.0009805503860020061378255
0.0009754729815045231787127
0.0009704745381436348300105
0.0009655507703347835073843
0.0009607008217402164410373
0.0009559272446546700826436
0.0009512274952950338464605
0.0009466024385064861689995
0.0009420495562721695279734
0.0009375697309789681865161
0.0009331604702826665860213
0.0009288243607045615661197
0.0009245589294008601122937
0.0009203634049830333252809
0.0009162370267760932543086
0.0009121807233695070462123
0.0009081937494088137153431
0.0009042736956438725097474
0.0009004215165729535655728
0.0008966364987174370564799
0.0008929179391609109485428
0.0008892651455105322032269
0.0008856791004244050132671
0.0008821574638836190756716
0.0008787012354073486320241
0.0008753097583059679361386
0.0008719840428262564486703
0.0008687201375322373521695
0.0008655190750282154435805
0.0008623835408564592148323
0.0008593079709759923355203
0.0008562950688962379713551
0.0008533442425578231316577
0.0008504549096432170328039
0.0008476264974721773627631
0.0008448584428912865595951
0.0008421518292385329505431
0.0008395061062471761590895
0.0008369190996219352546986
0.0008343919143953406692207
0.0008319256567796900559211
0.0008295165517720919697714
0.0008271689759081127637022
0.0008248775496148877915681
0.0008226466546918740751354
0.0008204741790677036634982
0.0008183580263135991272536
0.0008163009633127459247284
0.0008143025212665581675370
0.0008123619702027621474263
0.0008104775153056223771508
0.0008086487155335343604903
0.0008068735302952921052688
0.0008051515379007411366691
0.0008034791177633873217323
0.0008018558723893429206545
0.0008002798114639732588935
0.0007987521523442133201606
0.0007972677297363383545209
0.0007958277798375251038676
0.0007944287622414602893783
0.0007930703359513436700307
0.0007917521649960015126327
0.0007904723323085896796031
0.0007892305170154427507168
0.0007880232382335417267577
0.0007868501950142011477224
0.0007857126691656627021434
0.0007846056321820699987202
0.0007835319560298277486929
0.0007824882093927995607707
0.0007814725504307676578336
0.0007804878563663388002514
0.0007795291550449127233532
0.0007785961967449984370143
0.0007776902987877433968966
0.0007768080876247150266464
0.0007759493277656418375871
0.0007751137864236894246123
0.0007742996766354513305322
0.0007735067761146755416918
0.0007727333117802330899118
0.0007719790714169337845704
0.0007712422953955223869915
0.0007705258768202466034686
0.0007698265123688663403786
0.0007691440034461542035737
0.0007684781533035771458259
0.0007678287669588909495136
0.0007671956511161188421374
0.0007665770768985548551389
0.0007659728594309225509565
0.0007653812816003170487952
0.0007648052303885130836364
0.0007642399292214040315216
0.0007636867373408710510385
0.0007631470080514810754371
0.0007626159890191716974120
0.0007620980887333795921953
0.0007615899431811782487392
0.0007610921823696706854656
0.0007606037703862342930217
0.0007601221595386682032894
0.0007596463278765146730220
0.0007591767704161981461519
0.0007587109572284760680011
0.0007582478785419471782603
0.0007577865283772059054254
0.0007573274103239708947288
0.0007568680162403340063934
0.0007564073506992494361559
0.0007559459222976979038411
0.0007554812377246268887895
0.0007550153056022238049622
0.0007545456366750041875616
0.0007540712451358800574516
0.0007535926400012390481697
0.0007531088352600646181750
0.0007526188471197475414118
0.0007521216938559352905430
0.0007516163956634089185829
0.0007511034584263788158043
0.0007505804184748100750177
0.0007500492620448979616543
0.0007495060477419586506681
0.0007489527577048884100092
0.0007483884106846486194975
0.0007478105524780939922583
0.0007472211531698659580172
0.0007466177584748514856755
0.0007460008592767796396783
0.0007453694730495801510153
0.0007447240833608476237235
0.0007440622394504760274067
0.0007433858845520928664702
0.0007426940274205022984519
0.0007419842177688023426851
0.0007412583843509768909835
0.0007405155310872382811230
0.0007397532075561210566234
0.0007389733275580065170046
0.0007381748897152352667170
0.0007373554430441576525157
0.0007365168860971188502518
0.0007356567657490365591544
0.0007347769686979145533495
0.0007338750396316398106125
0.0007329528534039635298200
0.0007320079525158729389159
0.0007310422608435892394274
0.0007300550588222967131335
0.0007290456859756436897024
0.0007280149133584568185359
0.0007269635038608375596919
0.0007258907820631240901885
0.0007247960708188721330389
0.0007236801183238750949725
0.0007225422393453391836649
0.0007213831709262569008220
0.0007202022199346360146685
0.0007190001124618924672333
0.0007177761476695623896888
0.0007165310409009881774389
0.0007152654998569912781978
0.0007139788101612929652889
0.0007126716690783614074553
0.0007113433550065261521192
0.0007099945549576104977807
0.0007086245402704621949852
0.0007072339878720060226541
0.0007058235673868532749145
0.0007043911338709913988118
0.0007029373517092611569484
0.0007014642786658608448677
0.0006999697620601908224988
0.0006984544493788531847184
0.0006969189809956929200149
0.0006953639902015720537093
0.0006937873173491229629103
0.0006921923736081114645127
0.0006905769913555343756523
0.0006889417848807751626472
0.0006872859746028107171684
0.0006856101653676900447784
0.0006839149550452722345004
0.0006821981698486969183937
0.0006804617836106128560270
0.0006787036191709208167444
0.0006769256379703341005780
0.0006751270358297689231850
0.0006733070076421223369711
0.0006714674940986239135357
0.0006696063074182394096734
0.0006677240056415772312404
0.0006658211399590005866167
0.0006638982547414084200640
0.0006619517897379803388069
0.0006599850180147016865881
0.0006579957421165580702671
0.0006559846543292556812418
0.0006539530852676981535071
0.0006518997995432706214769
0.0006498276341504688555922
0.0006477366982720241797220
0.0006456284505860467514901
0.0006435016338233799475244
0.0006413590458462211166268
0.0006391994189131282701546
0.0006370268802432480382408
0.0006348374537794968007834
0.0006326352495835579122646
0.0006304203241591512614159
0.0006281927300528581921760
0.0006259525159614939479602
0.0006236997268435105290854
0.0006214370806191746050146
0.0006191646065264508726547
0.0006168809950171500432192
0.0006145889410311338807782
0.0006122884598321097840423
0.0006099782325660093717373
0.0006076609324313055537567
0.0006053352336157272715889
0.0006030037941137104040221
0.0006006652817116903348219
0.0005983210157103191874708
0.0005959709849439016405084
0.0005936151762256675502166
0.0005912535744755662101696
0.0005888887997471042379596
0.0005865195080965615419266
0.0005841456753284919112615
0.0005817672758555829121835
0.0005793855956755110565848
0.0005770019140535549055995
0.0005746135734069374601668
0.0005722231610976536222979
0.0005698293306220957770217
0.0005674333521245051182441
0.0005650351850205426965795
0.0005626360913324958586135
0.0005602347235130489006699
0.0005578310395372257672261
0.0005554262960935572564572
0.0005530204464496323501707
0.0005506134436832781954563
0.0005482052407413205014075
0.0005457957904943710938234
0.0005433863380080572848610
0.0005409743559610525730913
0.0005385629075360906818301
0.0005361512838971820319942
0.0005337413527238521991636
0.0005313324029438079056098
0.0005289262946780922411763
0.0005265223147892613602197
0.0005241210346120209369325
0.0005217255833318959262410
0.0005193339622607109689820
0.0005169467360133537863973
0.0005145657430965020059585
0.0005121902651180691408775
0.0005098208603339780169497
0.0005074593570244442233483
0.0005051050347013135962196
0.0005027584456526191505552
0.0005004201402696791282573
0.0004980919338630250894906
0.0004957718383372409836837
0.0004934616667954593938542
0.0004911619625778595923243
0.0004888720059076147881130
0.0004865948612738274546910
0.0004843272867892649160941
0.0004820710851505176993033
0.0004798280524742720666229
0.0004775962134876998482942
0.0004753773631465792398956
0.0004731720377202488017621
0.0004709795213789670772705
0.0004687991025324138695887
0.0004666338193589247189744
0.0004644817101462697379703
0.0004623445605476360895959
0.0004602216612318920730199
0.0004581135508534039165601
0.0004560207676604270481645
0.0004539426088162541229366
0.0004518796158777201618477
0.0004498323302681178658714
0.0004478012933704804193411
0.0004457870466194292975205
0.0004437876627885682353017
0.0004418049244281292199134
0.0004398393774467618624370
0.0004378903375371328166726
0.0004359583552457499335160
0.0004340427535695094078509
0.0004321440879590095164239
0.0004302641193927417046124
0.0004284008490414778079665
0.0004265547147717964338032
0.0004247261557734387975652
0.0004229156126054385437044
0.0004211223079314390933640
0.0004193466889028378444086
0.0004175892041355641951493
0.0004158490881599642826835
0.0004141267963093043158115
0.0004124227854282467632153
0.0004107350901589010869035
0.0004090665990488781870137
0.0004074153547075928891857
0.0004057806192677811596078
0.0004041652820675618027792
0.0004025674012494934259770
0.0004009862506979137487285
0.0003994247203887419349344
0.0003978796816991865374635
0.0003963528252924352376745
0.0003948446386593814998699
0.0003933532137893672718000
0.0003918802451482330346730
0.0003904262275695213652189
0.0003889892675274133205902
0.0003875698693610209319069
0.0003861685384532977842811
0.0003847845900530332831878
0.0003834197250450615559146
0.0003820720742207816037449
0.0003807433414404601712717
0.0003794328539185344833368
0.0003781399444386773214463
0.0003768663191943594269542
0.0003756101320396642673054
0.0003743730917193810068741
0.0003731545420918316543525
0.0003719538323655038414631
0.0003707726730703389452642
0.0003696104168928201040914
0.0003684664217706609505576
0.0003673400508583020700366
0.0003662341923556733857756
0.0003651458649554156559933
0.0003640779565894895091795
0.0003630286671808702781555
0.0003619973750564156361915
0.0003609869659199160351996
0.0003599944852574921030745
0.0003590227214408129793877
0.0003580694109771283902173
0.0003571345307641622755096
0.0003562180604343127702030
0.0003553199823531620225522
0.0003544391223234602387483
0.0003535743134977746148125
0.0003527267103346260639953
0.0003518951537228537460728
0.0003510796465509362883350
0.0003502790408693372097015
0.0003494933484007622156303
0.0003487214322971345288084
0.0003479644631601930639987
0.0003472213117439960027542
0.0003464908560004969638631
0.0003457754211079187064287
0.0003450715979791503713360
0.0003443817158026628516901
0.0003437035240841421310405
0.0003430382103448708524564
0.0003423858190139489549378
0.0003417441171446839809703
0.0003411142994875203415285
0.0003404964209552731628158
0.0003398882656745411730975
0.0003392910351589651773291
0.0003387047942871772104011
0.0003381284768424034931772
0.0003375621551269561123124
0.0003370070343026544202117
0.0003364609274527765930482
0.0003359239157540074710573
0.0003353972096644122703919
0.0003348797638098216554806
0.0003343716641469521430249
0.0003338718737632411924683
0.0003333816078518292533479
0.0003328998342613640371197
0.0003324266473641546647787
0.0003319610226865222861979
0.0003315041786631952843226
0.0003310562124979397457397
0.0003306161055518279053879
0.0003301850752368786683436
0.0003297621063309955947995
0.0003293461884497666429875
0.0003289396526763791318675
0.0003285414882256978367364
0.0003281517989494697837977
0.0003277695042141600604950
0.0003273954416727544868178
0.0003270281569577647515917
0.0003266673074395676679323
0.0003263125520760906694319
0.0003259646549502036479151
0.0003256210696984201632444
0.0003252836657795868391396
0.0003249499038356652149892
0.0003246216516430795381853
0.0003242963766164704453483
0.0003239759446576585214667
0.0003236578297523059620684
0.0003233428006943890012544
0.0003230316230833511813650
0.0003227217804478699474807
0.0003224140414619710431898
0.0003221091715340684185145
0.0003218046634388028884657
0.0003215023742351972874803
0.0003212008904167213676692
0.0003208988035660443965090
0.0003205979670814099549182
0.0003202969732142563869491
0.0003199965862316619729863
0.0003196943196978641889804
0.0003193920219705653350435
0.0003190882927669131752593
0.0003187838954146183199911
0.0003184785115705761251309
0.0003181718236574080792452
0.0003178635148474404938622
0.0003175532690452305254782
0.0003172407708684010048047
0.0003169278518842989929814
0.0003166109755995595727816
0.0003162919738726762525736
0.0003159716009170892149320
0.0003156474003717860805050
0.0003153201286303069909335
0.0003149894715376773965745
0.0003146551154255062317938
0.0003143178120137544062813
0.0003139772454310814971817
0.0003136320372589446224890
0.0003132839991406984286697
0.0003129317522210537457113
0.0003125749817809466129387
0.0003122144321203961631582
0.0003118487278906954579712
0.0003114786115577929744187
0.0003111037658655601721366
0.0003107238735227467571649
0.0003103386170987318783479
0.0003099487317990322278634
0.0003095528448876778255215
0.0003091527398238461035035
0.0003087459923241115799381
0.0003083354298771868204181
0.0003079186282533934973689
0.0003074973580669012706949
0.0003070702437630610593181
0.0003066380028489057094077
0.0003061992603641277188760
0.0003057557732532526092138
0.0003053061639850751193305
0.0003048511399904301898307
0.0003043893239542372038467
0.0003039224584810691176355
0.0003034481253787569090576
0.0003029690983817683275041
0.0003024829582654060128322
0.0003019903977758711883031
0.0003014931387896234655024
0.0003009877287394731272194
0.0003004769185334508390176
0.0002999593216384408489103
0.0002994356147423740525416
0.0002989054403477490670649
0.0002983674116218787376528
0.0002978232264712738744557
0.0002972714950120408454980
0.0002967128809684405326558
0.0002961470188015693193184
0.0002955745654736014285148
0.0002949951506706660381459
0.0002944073816283645996135
0.0002938129303223736203503
0.0002932114209717513633562
0.0002926024770048474472374
0.0002919857210959895372181
0.0002913617919916341308939
0.0002907292922864215074449
0.0002900898724108141564851
0.0002894421327873438897112
0.0002887856900731129716764
0.0002881211724685237441507
0.0002874481928103242824382
0.0002867673736771040714916
0.0002860773150151265926781
0.0002853786930466852846643
0.0002846713972687232472800
0.0002839563784427393076243
0.0002832325710858415545972
0.0002825019256437713739694
0.0002817623691273751676371
0.0002810158453585675630143
0.0002802622857665421920136
0.0002795006195503994990414
0.0002787327779921206644120
0.0002779576866329889735588
0.0002771762695042080844321
0.0002763884484616811721379
0.0002755941440342564636469
0.0002747932754269547992419
0.0002739867549078104595056
0.0002731744962836538722500
0.0002723564120429291472020
0.0002715324133516887621272
0.0002707034007723554199128
0.0002698682902609755591278
0.0002690289667866126123094
0.0002681843427193386728696
0.0002673353068877258446358
0.0002664817569609010229972
0.0002656235892534765667856
0.0002647606987195379635476
0.0002638929789477206301097
0.0002630213047163951298885
0.0002621455641712900123085
0.0002612646633368353684714
0.0002603804500486790935755
0.0002594918267139273903785
0.0002585996541143417205323
0.0002577028337711546098626
0.0002568022220170101217393
0.0002558986703059827117791
0.0002549901017637409578881
0.0002540783398005473214115
0.0002531632540472995157588
0.0002522437411132620989698
0.0002513206418760788448882
0.0002503938224872136577084
0.0002494621788446696963003
0.0002485275142104572147425
0.0002475896889827196084219
0.0002466475961019338851432
0.0002457010967988045111593
0.0002447510162503555822440
0.0002437972114676723630732
0.0002428395919177168645661
0.0002418782786545964444847
0.0002409134442602041609790
0.0002399462200689585493658
0.0002389758133008275311094
0.0002380023918220056295715
0.0002370270798669376949210
0.0002360490830064122661554
0.0002350695211274530615868
0.0002340885542695250785914
0.0002331053870296726589131
0.0002321211333503513595759
0.0002311359501502655022526
0.0002301499934537233605075
0.0002291624675734073323698
0.0002281754295820632029001
0.0002271880814827155069431
0.0002262005763931254718330
0.0002252121193969025732002
0.0002242247583020648307554
0.0002232376963587903641751
0.0002222510847198119190646
0.0002212660182257155522256
0.0002202807583720247362226
0.0002192973425936637764822
0.0002183140352367088929744
0.0002173328698668821777271
0.0002163530536177958249477
0.0002153737968260426613020
0.0002143971274598616898015
0.0002134222547156358759050
0.0002124493274858409608708
0.0002114775589210135379493
0.0002105089697600795147284
0.0002095418381409128389184
0.0002085781812308595644084
0.0002076162802880030791228
0.0002066572174625197358747
0.0002057002102179575830573
0.0002047472685637008427920
0.0002037957509524403372243
0.0002028476662701017303042
0.0002019031620149914509586
0.0002009614590448442804707
0.0002000227069894999331473
0.0001990870552867541514244
0.0001981546531742869833234
0.0001972256496827679342603
0.0001963001936304373143231
0.0001953784336194477877762
0.0001944605274576439730549
0.0001935457504581822145168
0.0001926343093130200069280
0.0001917273285726143637261
0.0001908231767495175410822
0.0001899238950575579817307
0.0001890287703298414395767
0.0001881380073140926029521
0.0001872508962083858756204
0.0001863685569439686880427
0.0001854911933358165706913
0.0001846180971579119511981
0.0001837485631907046466915
0.0001828846197905814260649
0.0001820255606061573275516
0.0001811715909777430241062
0.0001803220084193112406675
0.0001794770206153797540132
0.0001786377414657629376146
0.0001778034710183147972060
0.0001769744172422411541881
0.0001761507883096284296509
0.0001753327926517123818741
0.0001745197368207646807913
0.0001737118323153118365845
0.0001729101916677888413441
0.0001721132252685813191894
0.0001713220474569070400726
0.0001705368717591822789233
0.0001697579123436335104928
0.0001689844874035111672514
0.0001682168148963092077237
0.0001674542184619560579884
0.0001666987086378176241477
0.0001659487164315336907468
0.0001652053582550861614633
0.0001644679643824386076033
0.0001637367603518529509277
0.0001630119726756377215426
0.0001622938288593007332208
0.0001615816685578473990443
0.0001608766117112482064728
0.0001601780015618270533884
0.0001594860720039911728373
0.0001588010579454087790614
0.0001581223103060546569549
0.0001574509525212211644585
0.0001567863390108252031902
0.0001561295935866569277884
0.0001554791921577880877206
0.0001548362314740792903146
0.0001542008073524740263769
0.0001535712281121943598682
0.0001529502038579899549781
0.0001523351683021984285735
0.0001517270749311146909623
0.0001511259988469242803756
0.0001505311405215013081937
0.0001499425796479208843580
0.0001493612712892952634064
0.0001487864214117196829529
0.0001482172399678801147892
0.0001476546848992318038390
0.0001470988406968671224039
0.0001465489221196345631919
0.0001460050174519814244686
0.0001454672156655466546543
0.0001449356063709621568556
0.0001444094122441720324385
0.0001438895930627516223533
0.0001433753740552334040963
0.0001428668491954970538437
0.0001423649774372914183270
0.0001418681237673858437295
0.0001413772486746441752262
0.0001408915854066818194694
0.0001404120936698154446191
0.0001399380088701156210629
0.0001394702898878456527945
0.0001390073148959655507592
0.0001385500441510131473203
0.0001380985773994721659864
0.0001376530147219606346927
0.0001372126001311273289351
0.0001367774366193560758257
0.0001363476275584674731085
0.0001359241309420294039137
0.0001355053418071453430385
0.0001350922197673374799444
0.0001346848699763520936044
0.0001342825468086539654304
0.0001338862092549378930099
0.0001334951142902977068872
0.0001331093715436478875421
0.0001327290913036664732599
0.0001323552322329956266577
0.0001319862099673260302096
0.0001316229853868358700471
0.0001312648262512827474630
0.0001309126936150673014593
0.0001305666674376690264241
0.0001302258454672578977512
0.0001298901375215558476849
0.0001295594550389252250407
0.0001292345523023459097443
0.0001289136608795630740791
0.0001285983788324505483307
0.0001282869438604591894298
0.0001279809544391802549491
0.0001276786543597347659950
0.0001273808055210020500399
0.0001270864960839974446005
0.0001267964896381988389000
0.0001265098788056002489244
0.0001262274287291324868353
0.0001259490697368046655414
0.0001256730681118495491274
0.0001254010250914075225593
0.0001251328749334721561828
0.0001248668918815583328812
0.0001246046765012552711652
0.0001243453371930749377754
0.0001240896431240345746186
0.0001238358781383886743615
0.0001235856408916975171172
0.0001233380459460743010323
0.0001230922112782435642441
0.0001228497332519078296884
0.0001226097301447278320376
0.0001223729706496688360556
0.0001221377521357538790958
0.0001219048444597156861426
0.0001216741932565377674142
0.0001214457441863096625809
0.0001212202630422257317814
0.0001209960542344360254078
0.0001207738839073688787715
0.0001205545151840892078568
0.0001203370732215627614313
0.0001201206855182943467227
0.0001199069300842178000541
0.0001196957481743810626810
0.0001194854510750124778999
0.0001192776110744110732971
0.0001190713543434181723906
0.0001188674344875329463118
0.0001186649777502981798578
0.0001184639237437155331141
0.0001182650220547461385320
0.0001180673989615301872286
0.0001178709806797293666329
0.0001176772644961377654827
0.0001174836907530571428974
0.0001172925511571048471380
0.0001171020959855438586675
0.0001169129983903394989688
0.0001167251233149881761318
0.0001165375308903145103352
0.0001163516955426455038239
0.0001161658731898531699738
0.0001159815354121228401629
0.0001157969407299621505177
0.0001156135581082784431284
0.0001154304494977451345716
0.0001152474796169062655482
0.0001150653126926069931297
0.0001148830133566428496643
0.0001147012451448010500162
0.0001145190747529184607583
0.0001143379618819045164283
0.0001141561775342949324689
0.0001139743844898192452579
0.0001137932434779643386556
0.0001136110311792947895381
0.0001134292035929496426580
0.0001132468340314219756946
0.0001130637911561624723514
0.0001128807357184574732597
0.0001126975358084034189088
0.0001125132701118320560640
0.0001123285994931062250178
0.0001121433940813601552429
0.0001119575246452443888397
0.0001117716500644477713991
0.0001115840666282720669480
0.0001113962211647517570705
0.0001112071991064833835928
0.0001110176587221460141764
0.0001108266874935528084395
0.0001106349430247263667011
0.0001104422975563655714894
0.0001102486234522146102887
0.0001100530114013864655797
0.0001098568978238506518809
0.0001096601530156509620925
0.0001094610874507288562473
0.0001092619121804567214936
0.0001090609375749493754849
0.0001088580343598137751323
0.0001086546271591858379502
0.0001084490426411026083378
0.0001082427727955217057042
0.0001080342162980465608177
0.0001078248745365749692660
0.0001076139202586682609188
0.0001074020742734325370741
0.0001071892805866793451416
0.0001069747094907201714941
0.0001067583038012008675097
0.0001065415466166264827231
0.0001063236034046603762076
0.0001061036404609047800957
0.0001058839011686665338612
0.0001056620090166258713483
0.0001054394323901705751365
0.0001052153313724227078453
0.0001049904000043556571119
0.0001047645622125890804395
0.0001045377402913489928724
0.0001043090902251078011401
0.0001040800612395929522231
0.0001038498056840959649907
0.0001036182398380625465555
0.0001033852786474695733404
0.0001031515974421248949986
0.0001029163458931021127773
0.0001026801958778715122842
0.0001024430560646286830512
0.0001022048342675751744129
0.0001019646789893310023182
0.0001017240144111798542427
0.0001014819872721969373601
0.0001012385030866482361987
0.0001009934670807009261546
0.0001007475398250348957562
0.0001005006244896269922617
0.0001002518699959694981364
0.0001000019352468452260314
0.0000997499708004918851038
0.0000994966349714301287509
0.0000992425841091685814093
0.0000989862188501949554018
0.0000987281973062377075706
0.0000984688008273978780671
0.0000982076357828951250787
0.0000979448345170800285754
0.0000976802301873576323899
0.0000974138813691524630637
0.0000971456229324423969993
0.0000968755148383142704587
0.0000966034901380748037367
0.0000963296445175654627874
0.0000960540212841377269741
0.0000957767385808448116352
0.0000954979146972097096054
0.0000952175194356624446249
0.0000949358200340502379712
0.0000946527865288323671513
1